43 104 128 198
164 303 213 337
245 301 266 331
156 157 182 184
233 119 254 144
289 144 327 186
409 205 434 236
467 321 490 357
497 137 563 202
501 400 534 423
573 360 617 393
616 514 697 574
804 580 875 633
789 703 871 760
885 756 940 795
729 231 773 261
930 89 1004 163
291 844 376 917
829 193 873 227
872 1 920 32
498 15 518 31
558 302 577 319
581 807 617 863
323 642 369 671
267 484 287 511
54 477 77 500
109 231 131 262
46 223 75 246
766 364 797 391
705 418 760 456
789 566 818 585
760 569 796 605
715 624 785 699
904 577 923 594
852 940 905 993
489 834 527 880
362 936 402 966
138 835 194 892
834 256 870 291
280 596 311 638
171 527 202 552
166 727 191 752
165 957 209 1008
18 349 41 379
11 386 45 424
203 949 232 975
261 966 287 987
574 375 651 439
559 544 611 614
533 79 572 95
906 1000 939 1024
912 366 941 385
