760 304 807 348
794 252 849 338
775 39 841 85
692 873 757 937
703 938 737 999
732 803 774 839
776 800 809 819
809 725 835 763
807 460 841 508
800 426 847 451
552 325 570 356
520 569 546 615
550 635 567 665
597 825 635 860
681 452 710 495
668 495 694 539
45 12 78 64
399 96 419 123
457 126 480 151
493 132 512 154
553 203 574 228
525 188 543 214
698 90 724 138
761 91 787 138
754 15 781 37
675 18 710 54
735 196 760 244
737 139 760 158
597 435 628 475
659 348 676 378
705 328 724 359
380 791 402 830
337 379 356 406
165 319 185 346
490 648 507 673
588 756 609 782
577 704 607 731
208 436 223 462
32 237 62 256
583 86 608 108
549 943 575 962
18 27 36 53
408 649 435 669
565 450 578 464
484 530 505 549
