328 511 368 571
683 238 769 336
486 395 538 457
577 428 613 472
609 402 671 458
681 434 753 478
754 318 816 362
647 275 674 309
522 301 555 344
253 381 310 419
362 439 421 478
432 354 452 380
507 350 527 368
454 298 476 333
817 272 840 310
887 236 910 272
407 478 490 540
259 530 312 568
256 569 296 604
222 561 262 609
144 574 197 635
108 621 154 648
100 659 126 707
274 622 338 671
352 546 394 588
353 576 386 631
374 566 425 606
430 564 468 591
437 644 484 692
562 622 630 669
560 602 586 645
723 565 750 611
719 505 754 558
697 466 730 514
799 544 837 609
674 715 700 754
195 605 242 654
1 758 40 819
132 734 207 787
153 875 200 923
186 830 211 872
245 719 296 799
201 660 277 742
925 889 958 931
607 469 638 507
646 511 698 570
523 503 562 547
456 867 495 915
327 812 352 860
366 638 396 699
74 763 105 809
22 896 64 952
309 910 334 930
653 860 680 883
645 974 679 992
948 718 983 789
862 398 887 445
920 525 971 556
939 332 981 355
529 828 571 850
609 828 627 858
690 676 750 706
679 758 721 818
481 518 510 545
525 580 547 618
395 762 433 785
103 466 158 493
36 634 58 663
45 987 70 1022
47 732 100 766
392 825 440 869
510 726 577 772
938 390 986 446
938 849 971 893
651 899 673 930
518 916 548 960
210 753 248 783
5 610 47 654
756 460 787 544
