449 523 563 620
612 577 688 686
517 650 592 753
468 318 515 386
465 116 526 198
547 154 614 210
650 205 714 274
805 178 840 221
332 213 379 243
524 245 558 294
457 205 512 267
325 613 391 657
353 670 408 732
254 681 316 724
11 562 44 611
125 414 176 448
169 456 195 494
424 430 496 478
534 421 583 516
458 876 501 954
460 941 508 1024
508 970 598 1016
597 837 652 892
711 320 784 381
672 486 712 534
237 905 293 931
91 528 113 572
10 247 53 267
223 135 252 187
344 32 361 66
177 554 196 573
102 965 145 986
