217 5 263 75
99 12 172 60
101 12 135 33
19 4 62 38
38 28 73 85
155 104 180 146
117 150 169 196
294 96 316 132
475 8 531 43
425 138 458 194
364 105 398 140
484 196 506 232
492 100 535 127
568 102 594 131
613 136 649 161
644 37 687 90
613 170 639 200
613 247 640 267
605 277 625 299
272 372 302 412
169 351 194 378
153 469 176 503
125 545 144 564
834 323 868 361
888 164 919 208
901 1 949 71
945 173 976 219
971 107 1011 138
900 121 930 164
866 122 887 166
946 378 966 414
590 393 613 429
481 408 511 426
605 466 634 491
479 123 505 149
50 170 106 217
71 777 97 810
1 180 32 220
568 298 602 337
854 899 901 958
888 196 915 225
743 119 768 146
384 538 413 561
893 756 916 779
898 480 931 507
963 420 986 445
992 171 1018 202
73 350 95 375
12 262 39 297
328 229 345 252
304 338 333 358
819 382 840 416
584 80 615 98
489 433 506 462
223 336 248 380
836 668 853 699
754 63 771 94
274 180 308 209
408 268 427 288
279 434 297 460
364 31 395 64
154 568 175 585
90 499 113 514
1 449 30 467
159 717 181 731
873 286 900 302
802 698 817 721
498 864 514 895
177 796 195 818
179 972 199 986
205 949 224 974
248 957 269 977
303 940 317 963
395 977 417 1000
492 972 513 985
528 355 554 374
391 211 412 236
94 164 117 189
