174 451 234 544
222 343 290 387
260 193 324 257
335 164 375 239
359 245 390 291
325 257 390 351
409 107 455 149
358 59 414 128
488 169 527 209
458 48 529 107
542 18 576 53
560 47 596 74
610 106 637 128
581 114 607 132
468 201 495 240
109 550 193 612
144 673 183 712
81 660 123 690
112 698 150 746
87 705 110 736
73 768 112 795
43 831 102 896
89 809 127 832
227 580 254 602
336 663 371 701
297 605 327 628
340 602 366 635
441 578 470 611
466 452 496 478
477 417 503 442
481 363 512 390
468 323 497 345
536 305 559 324
739 215 762 244
743 144 770 166
688 184 706 199
674 124 708 150
690 61 716 82
724 62 746 84
751 301 776 331
808 539 842 573
868 587 894 620
960 542 986 567
920 458 943 491
1005 549 1022 567
809 696 832 719
639 969 665 990
655 885 678 911
696 821 729 851
994 280 1014 310
980 253 1003 273
952 387 977 416
882 503 905 532
571 574 604 599
518 541 551 577
466 760 496 781
448 768 474 801
381 876 414 903
267 981 303 1008
233 985 254 1016
160 924 211 960
140 924 173 951
253 479 291 512
140 617 187 663
638 411 659 433
948 673 974 700
884 971 910 993
763 870 784 895
1 890 53 941
672 851 697 885
614 199 645 225
354 964 375 998
