249 278 293 349
336 21 400 83
220 47 299 103
76 100 140 140
16 207 51 263
1 441 43 467
190 438 225 495
188 503 218 525
415 210 453 271
477 77 548 154
614 118 671 202
690 225 737 254
696 135 766 186
595 298 638 334
649 353 682 375
390 303 438 343
459 782 485 816
241 391 274 442
308 328 331 366
306 231 340 271
189 117 231 178
690 369 713 403
783 200 814 248
808 104 844 157
866 110 917 143
937 90 981 128
973 40 995 76
734 32 795 83
670 71 717 113
715 42 748 68
808 17 868 85
809 48 840 100
811 597 836 631
737 293 764 310
659 716 693 738
492 415 514 435
478 377 522 402
423 78 475 121
557 38 597 80
404 38 459 68
238 99 290 150
362 144 435 201
490 157 547 224
597 79 627 114
392 458 421 491
166 444 191 477
75 134 110 177
19 494 49 516
13 557 42 583
141 482 163 501
37 575 70 602
60 760 91 783
148 697 174 728
156 621 194 655
572 406 606 432
660 265 696 313
807 373 840 403
657 788 677 813
627 769 657 809
386 818 417 843
425 762 454 797
343 553 365 576
79 992 101 1011
629 871 648 900
526 834 549 859
372 893 393 919
346 898 368 924
280 851 300 868
227 574 260 600
280 607 301 632
64 363 86 392
144 224 188 258
55 1 122 60
330 115 363 158
319 253 372 305
288 282 323 326
269 398 303 442
363 339 389 360
418 379 447 413
496 340 530 393
537 264 573 285
573 169 611 222
733 387 755 410
971 401 993 439
742 751 764 789
836 761 858 790
808 772 838 801
862 967 882 997
830 860 861 886
888 704 911 746
677 598 695 624
660 614 681 640
758 534 789 555
939 477 973 497
617 489 646 508
462 571 482 597
232 480 252 511
61 462 104 515
77 266 123 314
84 162 146 236
61 263 92 302
19 700 45 742
327 633 345 656
510 709 533 735
553 468 583 498
732 459 765 480
970 225 992 241
861 171 894 207
827 200 854 226
795 799 813 825
488 808 505 833
558 754 584 771
975 645 1000 668
578 902 595 918
700 841 715 861
284 435 310 456
101 816 124 856
299 531 329 550
363 837 390 855
340 691 357 716
105 338 122 356
85 396 140 429
537 411 560 437
522 355 547 376
372 800 395 823
392 953 412 976
