205 472 269 520
79 463 138 511
77 867 136 913
318 847 395 913
510 813 603 929
529 352 604 497
366 282 431 330
463 186 535 224
485 216 551 254
679 374 779 470
642 268 763 389
812 242 861 310
896 39 965 112
635 556 701 639
228 360 263 389
178 132 235 184
248 1 287 39
10 246 44 297
16 180 55 206
7 112 41 164
54 14 102 45
381 383 440 462
273 566 319 608
532 667 554 700
606 481 659 563
667 131 745 175
330 285 361 306
172 940 216 971
43 765 83 786
421 105 454 151
592 117 658 182
758 28 844 114
730 30 802 101
400 13 449 59
452 42 481 76
368 16 414 46
580 751 657 811
