30 925 57 980
37 38 68 78
48 187 75 230
151 219 187 241
240 268 275 294
291 339 339 366
448 221 486 285
268 38 299 85
379 391 440 425
392 467 443 505
398 589 453 618
439 703 495 734
389 684 437 709
366 816 432 852
432 809 465 871
524 829 577 917
577 770 668 819
639 689 710 764
638 560 717 602
648 471 682 536
507 432 579 468
490 543 545 574
519 180 576 218
588 88 624 155
614 12 657 80
741 57 808 131
637 838 667 898
584 922 633 1013
399 942 492 1020
302 927 367 995
163 657 214 684
223 656 271 689
161 921 183 960
117 914 157 944
129 571 167 610
209 455 290 522
515 704 591 774
708 928 755 954
13 865 35 905
409 43 444 64
427 14 465 50
498 30 536 85
817 529 856 568
848 318 884 383
190 320 237 354
129 427 163 474
