93 103 180 162
181 108 232 174
246 129 310 167
286 97 347 189
335 103 373 167
199 24 276 72
27 193 80 244
273 309 322 371
420 353 467 424
570 494 655 567
678 316 757 411
625 237 712 319
602 643 688 698
507 626 574 681
558 673 591 726
750 404 815 490
808 396 855 468
754 119 823 222
831 189 907 258
780 206 870 290
824 27 902 149
887 117 977 187
684 43 744 107
726 31 788 100
781 724 862 811
740 766 819 860
776 532 823 563
788 612 849 663
518 100 601 219
534 264 582 294
423 254 478 341
392 257 444 318
537 107 585 143
100 535 160 570
248 553 300 586
259 669 293 726
337 619 389 655
458 495 531 554
383 775 444 821
628 788 674 848
744 928 827 980
771 919 863 987
916 926 975 998
851 984 885 1024
666 956 728 1012
528 781 583 837
310 828 367 862
267 878 307 925
102 857 135 887
64 812 112 856
72 903 119 926
66 623 88 666
132 578 159 633
224 430 263 463
415 482 471 539
441 603 479 673
429 893 458 948
393 891 418 940
434 989 467 1024
349 929 374 971
611 188 670 235
