65 331 113 419
119 601 158 669
241 388 260 421
197 361 228 399
196 246 226 290
258 247 288 272
301 243 331 270
368 255 404 280
519 271 561 320
502 358 536 415
489 391 520 424
437 510 470 563
503 576 538 606
96 450 122 503
59 496 90 548
178 615 217 662
184 424 211 458
400 282 426 322
684 608 711 634
176 820 209 849
40 877 82 920
24 749 62 793
26 684 56 731
119 805 158 844
222 102 251 136
407 59 434 103
414 128 450 168
539 131 572 157
562 189 585 218
561 263 579 302
539 454 554 484
143 47 202 141
372 115 399 137
454 118 475 149
618 30 639 76
327 11 348 42
285 301 310 324
227 167 245 200
353 45 371 83
674 78 701 97
671 50 698 79
999 394 1022 413
216 438 246 474
248 34 279 87
251 63 281 97
