494 342 546 399
546 334 590 373
421 442 470 491
426 495 464 548
208 836 243 878
216 785 238 825
334 745 357 764
495 710 535 741
466 700 488 727
624 448 659 473
551 433 590 464
649 40 720 80
676 92 719 131
674 134 716 173
623 130 661 163
650 163 677 201
747 491 774 524
344 474 399 531
291 632 337 662
837 132 870 166
383 555 423 578
138 948 193 991
447 770 465 797
403 651 424 676
620 560 642 579
609 410 634 428
751 416 768 432
918 693 934 720
604 730 627 747
404 616 423 645
166 783 192 826
161 810 190 859
718 753 747 771
920 57 946 93
842 83 860 105
988 27 1011 62
822 527 845 554
645 806 665 824
715 676 734 688
879 318 900 339
903 500 918 523
981 584 996 603
966 658 987 679
800 346 822 363
89 952 116 975
147 915 174 932
525 644 542 659
595 507 615 519
922 616 941 647
490 968 508 987
999 291 1018 322
420 598 435 615
387 871 409 906
293 956 318 976
853 694 866 716
859 916 878 934
850 400 869 417
991 405 1005 426
745 545 762 557
717 529 734 540
1006 701 1024 723
