606 220 635 242
770 171 817 198
781 134 814 180
932 178 968 209
881 130 924 153
849 234 887 268
724 178 753 218
701 172 719 186
676 269 693 286
444 96 499 149
449 205 495 230
54 142 87 163
239 473 253 495
809 90 828 119
915 337 942 357
672 344 692 366
766 420 795 453
296 310 316 333
175 223 213 248
119 134 148 155
210 142 245 177
84 632 105 654
561 273 584 296
592 248 615 263
597 98 623 137
563 97 584 131
382 98 404 125
721 104 734 122
401 275 416 296
411 294 432 311
418 200 447 218
97 259 122 276
367 113 396 148
329 145 384 183
709 206 748 250
913 226 933 246
458 546 472 565
903 313 919 324
