306 133 365 210
297 250 352 310
52 422 101 479
4 417 42 470
194 311 230 342
242 337 288 375
415 217 442 255
481 162 527 206
530 126 583 173
558 211 632 264
601 79 660 128
610 116 648 181
580 20 614 81
511 30 549 81
301 59 361 118
410 127 443 157
444 92 482 138
491 110 516 139
523 235 563 286
622 247 677 304
728 221 757 252
728 420 761 454
145 483 170 514
377 513 424 551
569 730 599 756
400 270 425 293
373 286 439 353
103 253 138 282
169 585 204 612
296 538 327 572
339 731 373 760
898 9 944 57
980 3 1009 39
973 34 1024 96
941 9 972 43
798 24 837 72
824 6 880 50
745 29 779 72
689 4 757 78
625 2 654 29
843 571 879 623
540 896 575 918
316 444 364 510
350 453 390 513
202 483 251 529
221 254 255 285
60 656 106 685
220 854 268 887
87 909 130 935
98 440 117 469
634 315 677 381
682 416 716 468
499 285 543 312
437 145 463 185
193 240 215 273
267 798 301 834
173 978 192 1004
177 626 212 662
525 425 586 464
951 129 986 184
932 781 957 799
609 541 651 567
598 536 638 601
670 170 723 212
713 111 756 138
819 79 884 156
793 366 813 391
914 331 973 380
780 489 803 527
391 436 417 472
217 573 264 630
90 734 136 768
130 659 163 714
199 810 216 831
233 729 254 755
254 936 277 954
457 798 510 831
498 632 529 657
558 309 614 364
574 294 621 325
675 596 693 619
724 634 745 668
495 707 521 736
535 781 555 812
577 880 607 899
895 462 922 496
781 407 800 434
710 505 749 531
741 785 764 820
722 720 751 739
367 983 388 1000
153 878 166 894
147 795 169 817
44 843 61 865
25 873 45 890
432 297 453 330
516 197 534 223
372 170 394 205
813 190 838 226
969 689 1005 715
876 754 907 775
656 921 674 946
449 264 492 331
907 555 937 580
986 228 1017 266
682 833 708 853
961 809 991 829
