556 30 602 56
348 157 390 216
217 164 259 228
374 91 418 117
502 50 544 86
565 101 609 132
646 120 671 160
520 355 545 398
553 335 602 369
342 549 382 579
686 21 732 63
746 125 789 174
793 493 815 529
858 565 884 591
724 241 751 284
680 219 731 249
527 203 547 228
545 185 581 219
536 80 582 126
649 66 667 101
711 78 747 96
859 52 890 88
917 130 946 187
934 122 972 151
924 28 949 68
982 1 1013 30
494 213 521 253
38 326 80 352
247 337 269 372
304 332 325 366
273 440 308 491
280 148 314 203
87 234 127 283
158 226 202 277
211 227 250 252
148 145 178 171
76 410 120 445
56 332 121 402
161 352 183 388
172 423 207 448
395 234 435 260
447 242 472 267
451 161 481 180
469 77 508 134
442 33 475 55
534 57 564 78
556 263 585 310
603 327 632 371
769 235 811 264
792 121 819 163
857 100 886 122
887 69 917 98
890 89 920 123
948 275 986 305
724 660 750 678
971 327 991 360
978 387 1001 410
822 341 852 366
60 681 82 715
239 383 270 430
272 340 298 369
501 458 519 483
546 402 566 433
640 456 674 483
649 297 664 317
470 557 493 591
523 540 542 565
888 317 921 338
873 205 896 240
828 596 849 629
355 375 395 415
107 495 142 531
251 609 297 645
293 567 313 589
316 621 347 650
82 574 111 618
149 635 168 660
120 621 143 651
96 683 119 701
139 740 160 770
622 673 640 694
611 635 628 656
621 517 642 537
534 686 555 706
557 645 582 662
575 646 593 663
317 208 373 264
1 428 32 477
293 907 319 925
91 798 111 828
21 598 50 644
478 946 498 977
564 876 584 906
693 807 715 823
886 867 905 884
804 624 829 641
787 568 805 584
805 782 823 808
670 553 684 573
907 604 927 634
921 592 940 622
936 518 950 537
871 369 888 388
774 387 795 422
779 152 830 218
811 80 836 119
994 280 1011 301
915 301 931 318
945 415 958 433
592 362 611 391
