123 73 150 144
174 33 222 52
207 52 264 104
265 110 317 152
181 183 229 222
162 252 192 298
102 238 135 289
115 199 142 242
340 80 374 132
460 139 495 170
820 30 856 60
444 184 471 205
383 173 413 219
260 206 283 239
46 404 88 440
129 317 156 359
104 279 127 299
207 244 232 282
281 172 302 201
245 393 266 424
253 341 276 367
376 252 410 274
159 462 184 497
31 459 54 495
114 562 144 589
106 313 129 344
46 197 65 227
78 209 101 242
329 206 346 231
344 249 366 265
555 422 585 445
625 467 648 501
667 250 693 277
664 382 691 402
861 385 884 419
867 321 896 346
770 70 810 99
644 176 680 202
588 69 647 121
903 476 933 503
856 710 879 737
928 776 949 799
795 458 816 479
874 532 896 555
329 680 346 699
235 737 257 762
132 774 159 804
106 832 133 863
443 956 472 985
543 735 564 769
905 904 925 935
584 710 614 733
601 618 619 641
571 518 590 538
535 694 558 720
516 637 534 663
182 504 204 527
479 457 492 474
944 102 970 131
978 187 994 208
544 104 562 130
658 70 680 100
305 456 324 477
55 684 80 702
27 623 54 641
52 748 69 774
72 771 87 790
170 820 190 842
213 674 228 696
69 991 99 1024
344 566 362 595
211 644 228 670
372 921 393 943
