592 801 648 888
682 894 778 1024
708 793 774 832
705 831 760 913
807 874 887 958
797 764 861 855
894 778 943 814
839 818 919 911
798 457 879 564
787 641 864 730
888 675 976 736
827 236 902 333
883 326 947 364
911 295 976 384
805 372 867 439
808 37 884 85
909 32 991 84
540 656 599 695
634 406 689 440
757 271 795 328
648 309 715 351
589 64 637 94
602 14 642 37
734 1 765 47
754 106 809 180
483 877 536 913
642 764 677 785
373 368 413 391
505 472 535 503
709 459 745 482
403 153 432 182
210 385 250 408
366 477 392 503
539 721 570 773
209 969 255 1007
261 842 299 864
295 954 341 984
681 499 748 561
499 27 530 50
122 135 152 156
73 448 100 491
