237 350 262 370
278 281 294 311
290 338 317 357
242 188 265 208
301 182 319 198
459 459 492 493
498 446 533 463
574 419 600 439
593 377 633 413
689 295 742 371
663 254 706 302
718 234 765 290
668 510 703 549
558 453 578 468
581 80 634 120
438 90 476 116
502 132 528 157
699 55 766 133
776 202 815 249
664 419 716 472
648 679 707 721
648 700 691 764
594 692 641 747
560 858 625 902
479 915 509 958
331 489 366 523
227 591 253 620
85 557 105 576
115 51 141 86
4 161 30 180
139 157 160 173
122 93 144 111
147 99 167 128
411 39 433 64
542 249 575 272
521 235 547 261
526 307 556 340
618 297 639 326
492 706 525 728
533 834 572 861
621 776 652 812
234 948 264 967
116 776 132 801
91 488 121 504
268 739 286 768
180 918 203 940
362 169 384 188
313 421 333 450
445 522 462 548
623 405 642 441
665 464 691 485
540 668 574 694
171 623 194 648
674 138 699 187
717 209 739 232
196 726 225 751
628 847 647 881
586 759 616 782
457 843 492 873
702 543 738 594
264 464 282 491
