301 625 349 687
301 707 362 774
297 817 348 887
514 594 553 651
542 538 594 572
599 651 655 699
577 587 617 648
716 450 763 524
803 446 850 515
876 380 916 445
949 355 1001 435
785 537 812 576
874 450 918 484
940 496 982 558
909 577 939 623
949 583 969 614
976 572 1006 620
490 737 524 779
523 803 558 859
560 779 634 827
601 685 654 758
534 707 581 740
488 678 514 712
450 669 472 705
433 710 459 748
409 691 442 721
195 880 226 914
217 814 252 852
406 784 441 828
451 761 474 797
624 818 664 867
713 870 762 917
745 770 783 810
723 786 753 829
907 637 943 697
916 906 972 949
983 917 1024 965
639 894 675 953
687 994 712 1024
730 996 756 1022
777 988 795 1005
762 925 778 946
794 941 813 964
803 598 839 653
636 519 656 549
688 582 763 653
669 573 712 600
793 356 827 379
622 569 657 607
243 911 289 942
374 860 422 919
401 836 420 861
427 865 456 912
445 836 492 906
500 860 534 881
573 866 616 893
641 853 693 914
686 913 706 932
554 876 610 928
520 888 558 935
944 703 984 759
994 793 1024 837
924 972 951 994
868 950 897 969
711 932 737 963
916 990 946 1016
826 582 878 618
