681 607 734 696
772 621 842 680
753 554 828 635
753 731 788 782
668 880 736 960
642 501 691 535
662 525 700 551
587 564 625 594
490 676 526 712
416 676 447 706
475 478 508 507
590 402 610 429
615 406 635 435
638 422 656 445
619 232 645 270
666 245 702 274
714 251 774 293
690 266 717 306
750 273 784 317
756 308 778 341
738 346 763 376
797 322 853 381
820 300 881 347
827 234 866 263
824 184 851 206
804 106 846 163
841 108 870 148
764 53 813 115
735 5 784 61
611 16 651 69
609 72 645 123
589 20 625 64
505 6 544 54
521 49 555 93
508 198 539 221
509 266 535 302
635 163 679 194
702 158 748 209
904 420 950 463
766 473 817 507
726 470 761 503
620 465 640 480
339 269 385 300
315 347 354 374
398 356 423 377
419 378 438 400
402 406 425 423
517 399 540 419
588 331 618 360
416 187 458 216
436 217 457 247
397 241 417 267
373 460 399 498
378 501 398 527
373 547 394 577
293 392 312 419
211 359 250 388
107 216 132 246
123 69 149 105
154 59 179 79
149 99 170 129
192 165 217 195
1 1 34 35
64 117 90 151
40 291 76 318
31 362 61 387
73 384 89 406
79 452 109 475
56 504 76 529
33 682 56 705
23 726 44 753
45 782 78 817
84 877 109 912
120 926 140 957
92 916 118 938
109 983 134 1004
182 687 203 718
355 739 384 781
412 918 443 943
475 961 496 977
553 905 612 953
719 844 762 895
771 834 804 867
851 542 887 588
816 415 880 459
803 420 855 456
862 458 892 480
599 626 632 674
732 685 766 732
531 738 556 763
303 705 328 725
336 680 366 713
499 607 529 638
333 16 366 41
236 109 259 128
351 163 378 183
353 411 373 436
217 829 237 845
329 893 354 918
381 862 407 888
397 854 418 875
637 956 677 1012
676 796 706 821
623 740 656 784
491 807 517 836
709 386 742 430
756 437 796 470
677 339 702 373
542 364 578 389
566 422 588 453
603 159 639 193
561 235 588 262
444 884 470 904
414 789 450 818
419 752 446 785
385 630 414 666
