821 257 873 309
831 752 879 820
839 838 883 909
763 1 806 52
597 476 630 505
790 283 824 319
751 648 780 678
840 625 884 694
817 951 848 986
758 878 784 913
728 906 755 933
781 933 808 971
762 105 787 141
732 527 757 561
719 501 740 523
595 113 615 132
644 61 664 78
686 51 712 76
592 753 622 775
469 768 491 784
489 896 515 913
761 936 779 959
698 165 721 198
825 646 850 685
601 647 622 661
706 832 727 858
787 984 813 1007
763 1002 782 1024
764 53 791 97
470 257 496 278
797 396 828 440
668 255 698 295
617 417 648 438
789 326 836 370
573 585 589 597
