381 458 432 527
641 700 698 786
775 661 868 739
812 501 876 584
850 467 914 549
930 679 999 767
947 820 986 862
927 891 979 952
843 773 894 825
790 808 858 851
729 763 793 818
803 132 922 211
939 74 990 110
930 1 998 62
679 396 766 480
837 384 915 457
732 855 804 903
617 881 685 924
705 938 753 984
666 827 739 874
715 320 772 356
614 619 650 676
703 188 754 256
538 310 581 356
588 322 624 374
167 634 202 660
349 114 372 143
642 128 668 168
982 87 1020 139
177 377 221 404
677 645 704 683
789 606 845 675
855 676 895 712
640 523 684 566
640 598 669 629
38 411 68 433
