807 394 888 488
815 495 891 614
484 765 548 803
567 342 653 411
881 204 957 295
947 79 1024 136
904 424 992 484
852 368 925 412
851 124 919 195
691 41 774 131
833 22 938 93
540 522 599 556
733 548 790 581
762 806 842 877
662 887 734 1002
570 945 640 985
580 205 661 256
626 171 665 231
822 294 864 336
727 213 808 264
185 726 228 753
307 951 342 1010
416 875 443 913
552 797 624 840
643 725 699 768
643 524 686 581
135 234 181 253
102 610 140 628
64 812 98 860
771 369 835 408
229 593 259 644
38 926 72 975
