547 36 591 80
436 107 492 150
242 331 263 370
262 330 285 356
48 6 78 62
162 93 192 149
246 198 284 223
318 140 336 167
234 76 276 123
235 137 261 166
487 469 521 488
821 202 841 237
702 51 729 86
762 31 783 60
814 430 841 478
86 509 117 530
415 242 442 271
513 1 539 41
96 69 143 95
43 200 110 236
58 665 98 694
99 654 121 672
481 584 504 601
707 513 733 551
619 324 642 339
511 125 551 163
469 9 522 49
492 56 513 95
302 270 328 297
970 348 997 365
945 338 966 360
881 185 900 214
391 525 427 547
210 194 236 240
42 507 65 526
461 554 478 583
188 854 207 884
154 397 172 414
595 343 611 369
726 338 743 360
634 528 654 555
143 25 192 72
