221 449 247 482
304 494 326 517
256 345 290 370
271 343 310 385
218 350 244 372
71 389 106 424
150 277 196 321
131 282 164 315
633 426 655 455
626 330 656 355
644 244 670 271
661 207 684 240
684 172 726 214
742 313 767 336
780 392 800 421
778 531 798 558
876 330 899 359
938 22 959 52
797 39 822 74
516 201 542 237
374 230 401 265
322 13 357 44
128 11 179 58
66 1 109 35
102 44 136 88
63 112 99 145
35 185 87 246
58 522 96 556
50 344 75 366
175 427 202 454
212 629 239 654
177 661 199 687
184 764 210 785
89 828 118 853
42 825 75 847
44 733 65 762
4 634 30 661
421 684 446 718
475 639 500 666
405 567 432 593
427 593 453 627
352 564 368 585
395 494 420 530
405 451 425 482
430 398 455 432
341 686 360 712
537 951 562 976
669 982 691 1009
663 711 690 737
583 199 604 224
545 57 574 77
206 1 267 49
219 38 280 105
