612 477 726 552
569 591 669 656
593 710 659 810
706 659 755 739
702 868 770 908
736 307 822 424
716 22 783 106
674 143 753 213
626 105 679 158
549 153 602 189
459 284 495 341
425 376 485 425
457 491 519 526
529 764 580 828
544 842 613 882
600 900 692 960
449 880 530 954
417 795 499 847
315 620 355 690
254 430 306 472
362 314 397 334
418 197 460 228
398 3 421 45
291 293 314 328
242 496 272 522
63 469 92 520
58 381 91 437
129 217 160 236
195 330 224 373
91 882 112 916
201 874 228 903
318 523 345 572
406 853 448 876
549 313 630 393
