827 571 866 623
790 628 837 699
820 335 859 392
785 509 827 569
768 60 810 111
779 110 797 137
770 177 803 215
787 183 830 244
712 351 752 381
754 760 788 802
713 693 743 722
720 705 753 748
736 415 765 445
725 581 752 625
725 527 746 548
892 867 925 890
825 950 852 992
711 987 742 1024
761 919 780 942
744 955 766 974
807 882 838 933
691 305 725 347
681 78 711 103
715 216 749 252
526 102 546 121
489 20 508 43
564 265 586 286
320 630 335 648
815 741 862 796
828 714 872 774
845 861 874 897
721 843 744 866
