721 551 746 597
748 610 769 643
957 279 1005 327
896 68 926 123
960 69 986 115
225 218 250 235
242 1 268 47
213 6 226 26
181 20 198 36
598 66 621 100
654 103 677 122
782 65 808 86
798 421 820 443
881 426 907 469
864 470 894 519
857 326 876 360
900 302 926 340
931 374 948 404
772 681 806 706
798 802 836 840
933 559 985 607
950 623 984 683
935 779 970 822
902 916 940 980
899 848 955 914
884 836 920 857
902 738 924 759
979 778 1010 797
900 774 940 796
880 770 911 790
742 808 758 833
745 921 768 946
602 710 624 724
60 29 86 50
752 297 772 331
700 347 715 372
871 1 906 31
538 359 553 384
305 432 327 449
401 407 418 437
687 616 707 651
143 485 168 512
753 176 776 195
782 730 816 755
577 770 603 800
