98 167 165 244
154 72 197 123
250 49 283 84
111 506 155 539
247 623 277 659
183 359 226 407
213 722 253 777
172 743 206 777
208 809 251 843
114 857 149 913
233 913 267 947
372 255 407 290
579 193 605 219
620 798 635 818
455 298 476 314
415 335 438 357
387 359 412 389
264 251 293 280
263 136 286 161
220 145 243 179
191 204 213 224
201 332 220 351
325 335 351 366
404 692 425 708
962 462 979 479
463 538 486 556
274 579 299 601
229 563 263 597
265 509 307 542
99 730 125 770
161 646 197 694
134 694 173 725
