231 207 280 249
308 243 341 289
412 277 443 317
507 290 538 337
571 216 619 260
616 311 672 349
753 278 796 343
488 399 536 470
216 674 281 717
280 719 335 771
355 697 398 744
324 550 384 598
392 529 448 568
349 446 397 479
400 419 449 468
455 451 481 472
189 324 248 385
131 362 167 404
106 492 162 528
135 689 168 753
190 646 237 669
195 802 242 832
180 447 209 470
255 458 284 492
311 460 344 490
355 481 388 510
420 490 450 516
470 522 514 555
551 465 602 501
506 360 532 398
453 366 489 392
523 327 559 378
853 361 897 413
955 281 994 336
957 393 992 432
491 579 533 635
342 608 373 635
257 526 309 569
223 561 254 605
119 858 154 900
172 866 205 912
131 822 156 858
324 311 381 359
130 304 165 327
114 442 144 485
220 499 250 529
414 579 441 618
481 755 512 780
654 426 675 493
766 384 806 424
454 606 496 665
399 791 434 839
298 781 315 823
278 819 301 855
533 482 559 522
595 561 626 583
842 651 873 671
703 498 737 517
11 241 33 284
48 371 79 414
100 408 121 434
97 825 116 856
226 865 244 895
461 800 494 826
797 491 866 559
742 447 767 480
571 602 606 663
339 381 370 416
179 529 194 555
73 314 99 332
662 795 692 814
149 936 171 976
944 454 974 473
776 524 797 546
594 498 656 563
75 208 97 235
189 238 222 277
120 897 143 916
888 939 917 962
392 869 421 894
489 155 515 181
913 767 931 797
964 722 991 747
686 869 708 894
