566 729 657 775
481 787 575 899
581 929 633 1015
363 365 402 436
360 203 413 243
587 204 666 264
536 77 610 128
621 378 686 446
745 328 814 411
468 660 534 729
358 873 433 934
384 472 424 545
255 351 302 376
239 415 275 463
174 774 200 821
253 780 287 799
367 765 403 831
291 944 342 971
382 975 446 1024
271 95 306 156
375 7 408 55
455 79 502 113
361 85 390 129
441 259 481 281
454 319 496 379
524 251 546 287
626 23 696 137
566 342 615 376
439 529 459 567
475 575 494 608
753 460 810 496
599 629 655 699
309 435 334 451
339 456 375 495
273 643 306 683
94 143 142 172
186 747 222 767
