155 679 223 732
206 577 259 638
193 416 241 452
251 419 295 450
230 316 270 372
240 115 279 175
282 274 329 336
304 287 339 323
358 169 394 209
341 67 380 100
299 3 335 36
225 802 271 861
243 830 290 895
396 484 426 517
439 476 462 498
331 402 366 437
359 358 389 396
433 381 456 400
501 643 523 669
482 674 513 710
489 805 525 857
453 863 484 886
436 801 461 832
411 765 433 792
363 651 389 682
321 608 347 637
248 629 291 671
263 691 289 725
329 787 369 835
336 812 369 854
309 856 338 891
313 917 334 943
345 985 372 1014
281 991 314 1022
383 989 416 1020
453 998 491 1024
500 881 533 921
529 797 550 815
624 870 659 908
700 785 730 825
759 827 795 854
760 803 789 829
818 717 843 751
762 66 787 86
743 55 770 80
555 385 577 410
549 432 567 455
497 415 522 440
372 297 398 326
343 268 374 299
231 239 279 295
206 345 232 378
337 478 367 516
300 497 339 537
299 470 319 499
289 490 322 525
473 501 500 527
181 877 219 928
215 892 249 928
170 978 219 1024
647 930 670 955
667 933 698 971
797 831 819 856
239 482 292 526
172 838 211 902
341 438 368 478
