505 589 565 696
511 500 566 582
589 519 653 550
652 466 729 519
762 347 804 396
818 286 869 315
874 432 918 466
949 516 988 586
826 780 861 848
849 761 897 809
652 906 701 941
392 657 449 693
326 587 377 618
382 573 431 607
437 542 468 567
829 407 849 446
834 452 853 490
966 253 989 286
909 613 945 655
838 660 871 694
755 693 791 724
791 706 830 736
933 756 981 779
931 674 982 729
995 672 1018 707
544 649 608 688
330 687 373 726
169 729 217 752
64 804 93 865
315 877 345 926
391 945 427 996
195 900 252 936
132 807 193 879
104 870 164 934
354 866 387 899
377 853 415 880
506 766 526 818
590 806 647 832
746 804 775 822
541 879 603 923
584 907 630 968
506 701 525 744
609 571 682 652
726 551 773 594
791 592 827 630
869 946 913 990
581 707 619 737
498 978 524 1005
775 872 805 911
946 871 977 902
960 885 1007 921
956 812 986 835
904 729 940 756
886 572 915 602
661 561 692 601
678 778 705 812
660 803 731 874
402 742 453 784
460 700 512 762
370 726 422 768
282 719 329 776
208 773 226 791
263 904 297 940
257 806 303 845
622 773 666 821
794 731 830 765
303 917 345 938
906 851 932 870
827 984 846 1002
