60 664 98 716
152 645 194 684
598 232 646 261
656 233 698 266
640 41 716 103
550 8 586 46
457 511 490 563
453 624 488 667
501 659 543 725
548 491 586 524
587 504 613 537
585 717 634 757
667 591 702 627
685 568 724 593
737 504 798 578
823 515 915 597
837 579 923 679
952 403 1008 490
946 285 1014 349
794 394 856 429
858 388 892 449
868 282 920 312
924 116 968 150
938 10 1007 49
824 166 881 200
821 42 882 90
925 815 982 885
778 709 824 777
762 667 800 729
769 835 818 882
740 843 771 894
573 921 608 983
624 972 666 1005
756 962 783 1011
519 989 562 1019
560 152 594 174
824 921 868 960
689 421 716 456
821 260 859 289
