585 420 644 463
615 529 671 581
474 603 540 686
494 705 571 788
378 575 431 646
466 391 521 461
235 672 318 745
634 756 691 832
755 666 827 719
804 594 853 660
746 512 819 565
761 424 814 489
672 522 739 575
950 420 1010 479
917 465 969 495
907 499 936 550
941 578 1018 624
942 573 981 603
991 668 1022 711
695 702 741 742
614 925 662 973
686 895 721 944
716 856 762 894
675 849 694 870
723 770 788 823
807 839 837 881
830 743 864 789
959 719 1014 765
567 600 619 649
357 653 414 710
429 665 484 707
442 708 494 756
457 688 486 724
572 663 620 722
431 845 473 905
384 773 454 829
266 916 313 981
405 932 460 981
624 720 645 749
555 890 598 921
256 733 309 794
91 732 150 775
212 605 241 641
27 836 69 893
92 768 119 806
104 802 161 870
157 855 203 890
146 857 218 916
92 897 143 959
77 901 107 932
118 968 140 990
335 879 399 940
328 867 357 909
349 751 385 807
327 771 357 807
327 962 350 998
380 966 406 992
296 916 342 963
913 302 964 340
878 597 922 657
858 573 909 608
848 481 870 508
718 608 758 647
840 687 867 729
932 730 961 750
884 805 920 848
683 629 713 671
741 676 776 699
674 985 707 1006
351 493 386 537
150 610 176 636
43 575 74 598
203 745 249 815
194 768 264 841
590 803 633 852
854 836 881 862
889 742 941 781
509 790 570 852
753 921 793 947
988 853 1021 880
797 992 826 1018
834 654 893 718
654 674 679 695
542 983 564 1008
522 974 551 1020
530 291 576 340
