170 183 203 245
252 191 281 235
257 311 310 378
214 326 252 386
252 435 298 479
375 368 427 445
444 402 499 475
493 376 537 420
478 308 524 378
397 827 439 853
615 251 676 294
586 216 620 250
548 214 578 253
498 235 541 262
372 154 403 196
416 166 446 192
333 187 359 225
316 268 354 323
169 307 204 343
472 483 527 522
558 360 587 402
645 349 684 400
713 269 762 317
721 339 763 394
847 308 869 343
744 394 778 446
710 389 749 451
736 486 766 508
723 475 776 553
791 566 839 610
824 611 867 670
906 440 958 519
790 314 857 367
816 379 859 446
787 380 818 410
830 449 857 484
913 227 946 257
523 487 553 526
535 433 577 466
532 409 559 452
563 491 592 525
649 572 678 614
670 567 706 626
665 632 700 675
752 707 807 767
862 666 906 717
899 667 926 703
913 535 964 577
771 811 827 842
690 723 737 749
661 708 695 747
620 793 647 815
568 754 597 773
63 273 111 328
4 403 75 467
154 426 190 479
231 421 253 436
883 852 938 907
854 879 907 944
809 831 840 871
720 800 758 833
565 819 594 859
369 907 403 929
472 743 508 768
348 947 367 974
410 967 427 985
451 910 478 929
458 961 483 978
476 935 491 955
500 919 522 944
571 947 598 973
648 954 669 987
52 558 85 581
179 630 199 655
206 614 232 634
964 971 994 1014
876 737 914 762
158 357 183 382
96 848 130 871
212 711 227 730
203 653 225 682
115 681 144 700
6 597 35 623
16 324 49 372
267 912 306 939
293 660 313 680
492 775 510 800
642 887 680 916
730 890 763 924
795 898 815 928
428 535 462 573
588 477 627 534
19 274 45 309
163 770 183 799
254 720 279 747
389 572 418 594
513 658 533 676
450 793 471 824
408 712 437 734
340 819 359 839
277 963 294 985
199 986 217 1002
21 976 51 1005
