64 815 168 906
126 948 169 982
379 591 418 640
487 823 562 887
73 551 124 580
257 701 300 756
931 738 958 757
463 605 499 623
489 537 514 567
501 379 536 410
538 700 578 733
575 645 628 696
658 581 681 619
737 575 806 650
373 150 412 205
464 259 500 293
191 212 238 237
342 118 403 151
184 312 215 345
455 563 478 588
443 547 465 570
407 832 438 861
578 834 618 870
590 752 629 788
744 708 779 724
796 640 830 665
791 618 820 644
802 347 876 407
550 189 606 218
636 232 650 265
85 136 110 200
886 191 934 237
976 252 1024 273
943 296 978 316
888 350 922 368
851 462 884 485
242 179 282 198
391 238 407 267
68 496 130 547
687 184 710 228
801 259 837 276
807 233 832 264
324 1 359 17
481 966 507 980
351 903 372 934
82 889 112 906
61 826 83 849
63 923 86 939
868 751 907 798
930 781 965 812
