358 353 428 408
374 841 439 892
228 895 266 931
724 549 804 651
672 282 777 348
877 188 951 261
875 638 941 729
915 904 1010 947
138 633 198 703
11 700 79 775
223 250 291 284
764 107 816 156
241 539 281 573
700 806 746 870
753 797 806 863
910 770 935 803
646 513 706 540
616 202 704 276
608 36 668 115
897 293 940 328
810 447 835 466
550 250 577 279
322 230 349 251
91 239 162 268
62 586 81 612
552 282 600 317
721 741 747 783
37 134 77 174
260 851 293 882
679 902 715 938
232 283 253 304
529 713 554 736
946 684 972 711
185 960 203 977
