355 502 453 595
451 782 491 833
847 107 893 168
917 337 998 401
449 12 484 59
255 638 288 678
698 942 738 972
500 597 522 623
706 424 736 458
665 228 704 257
176 522 224 577
177 272 216 303
772 243 815 316
634 705 665 725
597 558 617 584
293 296 326 323
658 191 680 210
681 197 703 223
871 492 938 558
826 829 849 863
143 946 164 971
161 618 188 652
128 380 175 414
749 421 784 468
378 400 403 431
394 248 423 277
229 214 255 247
948 186 974 220
808 35 839 71
183 151 202 177
169 928 189 943
198 991 227 1020
110 723 140 753
396 377 430 408
