911 598 1001 669
770 497 848 569
843 594 889 645
807 651 849 691
959 710 998 762
900 492 943 528
931 374 1004 434
953 204 1024 264
668 101 742 199
555 167 604 244
944 984 1011 1024
794 717 827 757
473 911 539 966
509 980 577 1022
539 857 569 906
538 432 600 476
699 265 737 304
413 162 465 208
234 252 278 307
279 299 313 334
189 673 246 735
220 556 245 595
293 531 328 562
348 764 373 804
446 755 490 789
451 641 500 688
471 634 513 689
65 305 96 336
7 605 58 636
22 641 86 684
113 342 177 395
671 548 722 608
587 756 613 789
228 797 249 831
499 357 529 391
596 964 619 980
