394 677 462 721
390 912 452 951
943 348 1024 470
894 183 936 216
624 124 679 200
620 387 659 453
915 1 970 44
839 853 878 909
940 838 997 898
305 978 339 1003
82 973 118 1013
52 795 111 854
178 806 221 852
368 758 421 791
484 833 503 862
677 860 725 894
731 768 760 815
415 616 479 656
542 637 589 673
647 556 681 590
702 589 744 650
201 587 304 709
140 601 221 654
259 424 302 486
699 410 741 446
938 237 969 277
865 295 891 330
357 149 428 233
301 35 354 106
223 215 276 293
662 40 696 69
155 852 182 892
116 791 175 856
340 664 365 702
450 11 529 70
39 149 57 174
760 177 790 211
923 86 942 115
