600 580 692 648
377 200 482 283
551 181 613 274
517 251 557 278
379 564 465 661
917 782 1002 842
822 444 907 506
786 504 833 540
836 532 916 589
901 559 931 606
945 271 1024 347
511 118 583 170
655 917 703 993
879 935 940 999
602 661 674 713
568 677 607 700
662 799 695 822
607 382 699 463
528 345 576 378
601 353 639 380
643 157 664 191
579 61 609 105
394 510 419 543
270 548 300 570
193 921 274 977
881 279 917 322
850 255 871 280
614 938 671 972
577 990 604 1024
536 918 579 945
106 508 146 538
198 524 238 563
378 322 426 397
453 354 517 443
419 292 468 360
831 737 874 768
