502 207 588 264
605 338 662 422
819 537 871 619
263 18 346 92
143 40 183 80
144 77 215 145
20 434 81 526
1 41 39 92
94 13 143 78
29 1 99 63
560 19 604 50
513 81 546 130
731 4 796 52
586 170 672 227
419 201 502 263
475 409 527 478
589 603 624 646
681 668 723 698
422 623 502 682
364 558 445 643
346 525 398 597
232 775 356 868
359 875 386 909
964 784 990 804
850 196 869 223
690 115 724 136
635 144 662 167
603 465 636 500
666 523 705 584
88 709 176 846
66 736 113 807
5 898 49 954
514 962 560 1024
684 983 720 1023
730 856 765 905
