988 744 1024 830
880 869 935 915
866 691 965 763
969 995 995 1018
885 965 904 994
255 915 324 982
159 690 231 794
429 692 490 782
485 611 569 683
676 832 749 944
691 711 756 794
862 804 893 847
934 829 1004 876
975 704 1004 748
944 627 982 674
867 500 919 538
687 631 778 717
733 567 789 632
639 623 665 645
452 552 507 594
359 607 431 666
396 549 448 602
14 647 71 735
833 390 895 485
738 445 785 474
976 395 1024 504
979 308 1024 412
706 194 767 278
664 185 710 250
790 205 836 240
319 1 410 70
662 1 723 50
961 49 1017 105
757 30 809 90
794 8 846 61
14 779 70 854
49 719 98 774
208 359 246 399
119 26 148 51
660 234 690 269
275 464 311 497
