233 593 305 678
268 450 310 486
259 292 341 338
358 253 398 310
351 230 412 273
378 157 414 187
406 92 455 132
480 16 524 101
550 361 624 421
481 870 521 936
161 771 210 811
57 373 90 393
189 146 240 180
814 294 882 364
751 391 815 422
631 380 687 440
689 562 724 614
726 698 766 741
548 882 612 915
388 807 426 850
179 846 234 890
19 783 75 808
855 497 923 531
782 123 854 167
614 307 652 329
525 284 551 305
674 324 717 364
661 293 694 319
952 215 991 249
473 580 509 633
746 825 784 843
952 818 981 853
389 11 427 50
97 629 118 660
69 887 100 910
469 641 509 685
562 113 592 144
394 168 433 210
494 508 521 525
683 950 729 980
573 768 594 804
796 455 827 482
605 555 662 570
705 110 734 130
521 307 550 336
808 825 839 854
939 768 964 788
927 967 956 998
622 678 647 699
86 379 106 398
123 424 146 445
86 120 115 142
138 161 165 182
270 130 308 170
301 146 327 167
239 57 270 74
409 405 442 422
261 925 314 965
80 960 102 976
718 447 756 476
67 664 110 730
46 695 88 734
632 312 668 347
653 334 676 360
699 249 725 269
836 34 876 68
837 190 897 223
677 856 697 873
