407 763 488 846
574 838 622 874
633 379 660 417
663 360 711 393
795 42 846 102
796 163 836 196
859 246 912 285
942 25 967 59
614 120 653 146
555 327 590 353
546 878 616 944
284 947 345 986
562 939 585 962
640 500 686 515
300 441 331 461
188 69 232 98
144 28 167 51
586 33 607 62
716 22 738 60
922 109 986 191
902 191 932 220
775 661 800 697
636 786 670 808
399 606 428 637
400 712 444 760
250 542 271 576
165 569 188 584
241 595 267 611
494 536 520 553
456 480 476 497
77 508 106 526
123 643 192 690
89 652 140 726
362 862 404 931
454 897 479 917
211 263 262 315
515 383 554 408
57 961 117 995
687 921 714 941
687 921 714 941
