274 315 290 330
376 222 387 233
380 367 395 383
420 312 432 329
371 490 390 505
450 435 468 448
482 450 503 469
490 366 508 382
453 262 467 273
444 236 454 249
484 226 497 237
188 774 215 794
233 557 244 570
274 580 283 590
319 560 331 570
332 656 344 671
115 799 127 812
329 738 340 751
398 736 428 756
503 819 522 833
402 832 415 848
197 961 214 974
523 842 539 854
504 645 530 664
401 636 423 651
380 665 394 683
516 983 531 995
608 808 625 833
641 669 666 687
695 703 715 718
705 602 724 617
794 597 812 622
736 832 747 845
811 724 820 737
624 640 644 659
945 731 962 742
766 834 780 848
742 609 756 624
564 605 580 619
701 727 715 739
641 697 653 708
919 896 929 906
893 757 908 770
910 613 926 632
590 471 616 487
663 278 688 295
580 267 599 293
551 350 569 362
705 396 718 414
697 424 712 441
702 507 719 519
729 505 742 522
808 503 825 520
876 474 909 503
861 540 887 557
952 384 974 399
797 399 808 414
831 222 852 238
831 281 844 290
725 298 738 308
762 236 772 249
813 321 831 337
567 207 581 220
583 226 594 238
589 131 607 154
572 55 582 66
640 113 653 131
775 320 794 345
540 320 553 332
548 311 575 331
717 465 748 485
982 422 999 434
