440 1341 492 1422
557 960 658 1040
1436 1156 1522 1262
1624 132 1766 264
776 272 891 407
1352 1325 1423 1421
1572 1551 1627 1620
1212 589 1313 692
1676 383 1786 473
635 493 738 581
234 1053 334 1172
418 1458 486 1542
659 1739 715 1805
559 1723 603 1784
993 1427 1035 1512
1168 1611 1228 1712
1270 1517 1344 1564
218 415 262 504
225 762 312 866
233 1210 290 1304
170 1223 251 1279
12 1144 85 1192
96 1197 140 1254
87 1513 147 1552
99 1766 159 1843
46 1872 98 1948
304 1586 375 1634
750 1343 798 1414
1056 846 1177 951
1455 855 1524 925
1543 525 1604 612
1512 943 1576 1020
1372 970 1457 1087
1279 1279 1344 1328
839 715 916 772
826 859 887 928
1522 1765 1564 1822
931 1812 1002 1860
678 1955 733 2012
453 1713 497 1770
189 1375 260 1436
448 221 515 303
558 246 633 346
523 3 622 119
269 242 364 348
286 485 399 623
457 540 505 605
1793 892 1866 953
1610 1412 1677 1478
1806 1324 1872 1372
1627 1095 1710 1159
1330 1163 1369 1207
1910 410 2005 511
1928 1394 2009 1453
1948 1199 1996 1266
1889 1100 1965 1187
1954 855 1997 917
1074 1161 1155 1274
1596 1753 1661 1844
1033 717 1109 799
1109 643 1155 696
1178 685 1225 742
1243 419 1314 483
1199 172 1274 260
730 1439 778 1475
92 884 156 930
137 962 185 1011
296 850 385 894
840 468 905 562
1175 239 1242 366
983 453 1060 510
1035 357 1160 452
1531 659 1617 762
1557 345 1609 446
751 167 826 260
685 1604 724 1643
370 1905 409 1944
