1318 609 1530 794
1461 846 1614 1035
1645 689 1787 866
1495 1883 1636 2048
1599 1881 1696 1989
1488 1553 1625 1666
1361 1437 1511 1606
1498 1446 1663 1580
1363 1308 1479 1450
1232 1357 1339 1444
1201 1663 1302 1750
1211 1825 1290 1897
1272 1817 1359 1900
955 978 1055 1063
1094 834 1171 920
1253 448 1362 537
1319 231 1424 356
1273 4 1376 113
1409 81 1487 172
1450 110 1556 211
1571 245 1636 322
1478 395 1551 484
1456 451 1575 598
1143 928 1245 1052
1146 1003 1241 1114
979 1229 1058 1320
1041 1197 1134 1273
746 1761 856 1896
856 1902 947 2012
1000 1787 1065 1844
713 559 792 641
644 499 734 575
1015 34 1111 116
1156 71 1236 140
1119 169 1179 231
1092 334 1164 420
1212 338 1291 409
423 807 503 902
109 705 198 779
264 604 333 668
369 561 442 648
378 195 453 257
454 267 541 374
214 1573 293 1642
346 979 414 1062
456 1791 541 1862
468 1684 540 1743
588 1649 660 1719
686 1551 767 1618
158 1847 229 1904
63 1211 139 1282
320 501 368 547
1455 1169 1547 1253
1388 1090 1510 1238
1731 508 1826 601
1632 1175 1761 1295
560 1444 625 1500
945 1396 1054 1470
1513 1132 1606 1246
585 722 652 814
