1517 724 1664 817
1608 319 1758 502
1522 1678 1645 1830
1453 1012 1565 1142
1532 1167 1651 1259
1442 443 1567 574
1177 125 1363 295
457 178 528 230
708 1585 760 1631
831 1398 914 1488
982 1623 1069 1689
1196 1552 1285 1668
1320 1555 1397 1676
1362 1865 1453 1951
1464 1908 1595 2034
603 1639 652 1668
784 1149 874 1211
843 1199 917 1316
953 737 1019 838
1145 435 1228 568
1404 700 1496 761
1400 1075 1442 1148
1363 1237 1428 1321
1320 1342 1457 1426
1089 275 1164 332
578 535 635 588
567 328 646 401
493 298 539 360
32 224 121 279
350 895 394 966
499 1814 572 1857
1198 1195 1257 1290
1035 1379 1096 1476
1226 1985 1307 2037
1084 1868 1127 1928
1860 497 1974 572
291 400 361 459
169 540 225 579
164 692 198 743
237 902 289 973
961 295 1014 380
627 1471 696 1510
234 186 276 257
1095 699 1195 830
976 902 1025 978
