39 212 124 310
1283 897 1389 1013
1512 842 1635 934
1863 782 1949 851
340 1804 427 1893
471 548 600 677
807 236 908 337
854 71 946 170
1638 1164 1724 1252
873 808 942 882
190 683 274 762
184 1236 261 1311
1484 574 1560 654
1814 380 1925 470
1830 104 1961 201
1915 74 2021 174
1635 1553 1677 1636
1673 1462 1726 1544
1667 1374 1698 1431
1292 1322 1385 1405
224 132 281 189
343 999 428 1076
779 1550 849 1619
574 1691 657 1772
538 1879 594 1932
673 1933 750 1960
1936 1744 2006 1849
1841 1136 1924 1223
1956 1191 2017 1257
1275 161 1357 231
1702 37 1843 146
1740 605 1853 695
1742 743 1824 832
493 965 568 1025
1088 1225 1157 1303
993 1417 1062 1472
623 1141 683 1167
305 804 345 874
35 906 90 983
943 1959 974 2032
977 1923 1050 1957
1125 1880 1161 1922
1104 557 1186 612
1226 396 1317 438
1765 297 1840 382
1440 398 1511 460
1498 388 1558 465
1452 545 1513 576
1403 630 1476 661
1517 748 1551 801
1450 1207 1519 1243
1746 1133 1779 1209
1082 985 1113 1056
1022 1107 1056 1184
459 379 521 408
238 422 297 478
441 192 500 267
375 689 405 768
138 789 169 856
62 665 134 714
929 1425 1002 1515
913 1645 1002 1718
1449 1428 1514 1511
964 351 1053 453
1116 281 1145 324
1368 1563 1414 1597
530 1469 600 1543
405 1616 478 1669
464 1682 502 1717
725 1860 794 1919
769 1161 812 1218
162 1875 208 1948
94 1015 132 1080
119 439 175 524
899 702 965 754
995 668 1039 736
568 776 630 868
8 1548 57 1615
302 527 358 595
1014 499 1080 576
1421 1798 1469 1860
1522 1829 1574 1910
1978 738 2048 800
775 906 846 949
99 174 183 302
1767 851 1801 907
1506 1484 1555 1551
295 228 347 289
