66 1495 272 1670
299 1329 453 1474
375 1181 505 1364
652 1473 803 1567
736 1474 830 1540
717 1177 897 1400
873 1305 964 1431
689 1094 804 1175
1133 1399 1279 1516
1017 1414 1134 1547
986 1604 1169 1797
1233 1712 1369 1862
1343 1540 1469 1655
1549 1659 1666 1768
1504 1752 1655 1922
1459 1619 1551 1720
1548 1385 1708 1530
1642 1317 1759 1454
1233 1010 1413 1176
1543 941 1703 1116
1470 1111 1586 1216
1796 1027 1944 1175
1825 1293 2016 1462
1656 1921 1780 2048
1711 1796 1822 1887
1850 1823 1935 1922
1773 1602 1870 1704
1384 701 1476 814
982 890 1126 1043
670 870 764 978
937 844 1014 929
633 507 746 601
425 551 521 657
397 791 525 899
369 1014 515 1152
561 982 662 1106
414 1575 553 1692
514 1793 626 1920
676 1721 771 1832
737 1703 815 1794
787 1867 891 1979
175 907 308 1028
97 1226 230 1337
4 1061 91 1166
128 638 214 735
157 1702 321 1842
172 1849 310 2020
601 1769 724 1915
1055 1202 1167 1313
999 1233 1091 1334
1349 1305 1477 1458
1929 1725 2015 1804
1 1744 112 1859
1290 1356 1361 1426
1176 1812 1250 1878
