1363 838 1560 951
1437 622 1652 732
1670 949 1735 1075
1348 1333 1488 1404
1178 1442 1314 1531
1125 685 1222 734
1058 445 1161 532
1670 1886 1763 2016
1453 1829 1582 1913
1659 1347 1802 1423
351 711 390 784
1013 100 1062 188
389 1021 445 1064
317 542 377 659
144 1065 206 1096
734 1826 783 1885
1431 1081 1583 1253
724 872 789 924
272 1392 328 1436
428 187 492 238
231 1926 283 1988
1277 1918 1388 2016
855 751 907 822
1267 25 1343 85
1507 109 1591 214
1023 1954 1110 2010
1283 1773 1371 1887
1265 983 1339 1055
484 602 531 642
1109 271 1174 362
1314 1198 1409 1311
184 1733 235 1763
42 1338 85 1364
471 1597 539 1649
617 1750 656 1802
802 1849 866 1941
