1350 946 1519 1146
1458 756 1623 874
1144 1282 1321 1409
1537 1347 1674 1446
1720 1174 1803 1274
1690 1058 1798 1209
1834 1074 1924 1181
1951 1172 2026 1276
1847 1318 1952 1466
1835 1606 1956 1736
1869 1467 1952 1572
1306 1507 1486 1630
1426 1445 1534 1523
916 1838 1066 1979
883 1395 1024 1493
63 1203 186 1330
226 1100 347 1184
320 1409 399 1513
382 1632 513 1819
403 1609 459 1688
331 1942 404 2008
803 1224 902 1348
632 923 718 987
885 1017 962 1101
946 1114 1077 1211
1061 1303 1113 1378
1332 1381 1407 1440
1723 1684 1810 1768
200 822 257 895
199 1309 335 1430
95 1877 204 2020
21 1723 116 1804
