537 797 606 856
493 1224 586 1301
828 1362 879 1429
945 1553 992 1624
770 1657 849 1700
395 628 469 689
276 401 362 463
256 220 328 271
145 275 185 346
139 588 209 648
966 634 1038 685
982 372 1077 471
675 197 759 266
1516 1370 1603 1438
1444 770 1501 827
1694 741 1769 836
1819 842 1867 908
1701 257 1782 354
1635 455 1711 530
802 964 870 1016
246 1251 322 1319
184 1827 250 1875
25 1627 58 1706
409 49 480 132
1818 323 1865 370
1378 1820 1447 1898
1860 485 1928 567
159 683 232 757
18 409 78 508
105 513 201 585
857 450 906 509
937 317 984 368
988 92 1021 143
1225 1828 1278 1899
1894 1492 1943 1554
503 1138 547 1161
112 1036 186 1102
204 859 240 924
1347 1078 1436 1151
1596 1279 1669 1368
1725 84 1809 218
1176 504 1257 582
604 128 677 172
180 1004 267 1080
1120 1704 1175 1790
1339 241 1396 338
578 245 670 306
838 536 899 602
534 553 565 600
553 1648 642 1713
667 1398 749 1465
695 1594 767 1653
958 1122 1023 1157
325 290 378 357
402 286 449 354
152 1671 201 1700
