518 1341 644 1484
442 1224 558 1390
267 1194 384 1364
440 1027 495 1092
637 921 768 1017
805 958 1007 1103
1150 1067 1258 1145
1262 1256 1413 1360
901 1428 1050 1547
672 1527 801 1687
1441 1421 1560 1508
639 1217 737 1295
115 1057 229 1162
140 1246 263 1377
11 1353 113 1450
1162 1215 1235 1320
126 688 193 732
1921 1199 2044 1346
1396 1743 1471 1834
1009 1143 1085 1250
1465 1014 1550 1116
1696 1753 1773 1820
1854 1941 1945 2024
940 1718 1045 1795
898 1622 977 1730
1023 1747 1142 1830
1146 1821 1186 1856
756 1925 839 2014
