1801 742 1962 909
1680 676 1769 797
1747 1275 1946 1473
1840 1074 2017 1202
173 1481 321 1619
316 778 454 889
713 1486 788 1576
722 1297 779 1376
756 1081 840 1174
1140 1065 1230 1183
1324 1069 1425 1174
1697 1540 1828 1683
1937 1409 2044 1515
1579 1854 1709 1978
1138 1717 1267 1850
1046 1761 1123 1847
184 1274 295 1357
310 1346 445 1449
1 1329 69 1398
33 1550 136 1626
89 1656 224 1779
209 1945 294 2043
836 1750 906 1832
882 1388 954 1460
1247 1277 1386 1429
1037 1258 1145 1391
1557 1445 1661 1566
479 1206 622 1332
556 1244 653 1316
905 1075 1096 1212
733 848 820 919
364 1056 436 1118
