590 509 679 580
606 398 665 493
837 342 922 452
1080 1189 1194 1261
1528 1487 1622 1581
1495 1624 1616 1759
1296 1688 1386 1827
1550 424 1633 560
1325 183 1455 281
1424 372 1506 476
1175 426 1272 523
1342 433 1412 546
1100 272 1144 352
1176 867 1269 928
1133 690 1217 760
685 1015 789 1068
1176 1739 1250 1775
1169 1819 1237 1919
946 1797 1023 1837
1099 1653 1172 1691
1071 1445 1179 1505
476 1394 563 1467
522 1508 597 1546
192 586 251 617
489 294 566 332
627 138 665 211
115 621 166 688
159 1368 215 1472
950 857 1034 903
1243 1033 1286 1090
1288 1173 1365 1253
1434 1358 1589 1440
1601 1172 1648 1264
1689 1583 1766 1680
1353 1526 1415 1643
550 780 585 852
136 1874 217 1941
48 939 96 1008
1352 767 1395 852
1706 1092 1748 1160
779 1463 814 1535
777 303 854 346
961 326 1000 401
1127 166 1171 252
698 472 772 508
285 342 328 410
253 1629 314 1659
646 1583 705 1614
600 1401 638 1462
1246 1429 1335 1602
