426 1287 544 1395
115 627 252 759
235 651 334 790
571 547 646 615
979 447 1080 576
1221 351 1352 477
1412 751 1638 1000
1556 1036 1640 1166
1119 838 1270 1005
1322 1047 1391 1186
1768 1100 1935 1217
393 1508 493 1586
770 1416 839 1503
1132 1213 1236 1307
790 1216 888 1356
1439 1446 1550 1554
1484 1264 1560 1367
1929 1275 2009 1362
1903 1635 2003 1753
890 1749 934 1811
1220 1814 1285 1900
1455 1732 1559 1813
1436 1597 1535 1666
1800 1398 1884 1459
1774 1922 1859 2037
1159 1418 1227 1510
271 1352 368 1424
209 466 310 553
1009 1510 1085 1614
