118 1226 241 1372
253 1342 409 1467
269 853 337 950
465 1651 526 1738
957 1442 1100 1541
1224 1326 1396 1445
1417 1004 1614 1181
1531 771 1706 936
1623 1385 1735 1492
1757 1114 1884 1251
1798 1723 1897 1813
1918 1653 2025 1780
889 1275 960 1366
1021 1165 1128 1236
947 1062 1042 1130
697 966 784 1027
452 1682 571 1863
390 1462 443 1531
980 1880 1146 2029
1514 1501 1600 1558
1631 1586 1779 1774
1569 1638 1634 1725
1374 1563 1550 1674
1416 1433 1482 1479
1139 1347 1196 1434
1796 1214 1891 1327
1921 1121 1982 1216
1949 1509 2036 1591
1934 1358 2031 1510
