888 597 1003 765
246 810 322 927
1308 577 1421 737
1147 374 1247 512
1651 53 1752 215
1715 891 1811 972
660 1404 716 1446
770 1364 812 1420
843 1332 885 1392
767 827 844 917
625 916 691 1018
489 1679 596 1780
220 528 295 636
421 369 468 460
271 333 327 434
369 159 461 315
98 107 211 255
230 200 297 300
491 475 537 566
379 550 450 649
685 641 754 697
1072 762 1152 887
1245 424 1355 519
1357 370 1413 423
1460 524 1550 604
1670 352 1709 430
1603 134 1654 222
1871 541 1961 597
1246 101 1397 226
297 1183 395 1284
74 469 179 563
62 580 139 641
555 183 662 295
302 955 373 1046
250 960 315 1051
1525 747 1598 798
1923 916 1983 980
1446 1589 1539 1668
1328 1541 1393 1625
1015 1854 1071 1913
1238 1968 1295 2040
1832 811 1941 909
1400 941 1503 1051
1369 896 1451 964
819 330 901 394
1200 977 1247 1070
1834 1494 1878 1583
1934 307 2037 368
467 873 536 907
154 1701 214 1788
263 1857 334 1953
445 1983 507 2043
653 1818 679 1856
799 1451 875 1502
761 1062 822 1152
985 1120 1038 1145
935 1176 1002 1212
1092 1119 1152 1196
1050 1392 1092 1470
1779 1942 1834 2030
59 731 147 808
730 532 777 591
429 1521 498 1591
476 1519 547 1555
132 1915 197 1946
596 1995 644 2048
773 1582 845 1628
1730 1423 1774 1512
