65 887 196 972
288 784 371 922
588 745 682 794
844 1142 955 1271
1074 930 1143 1031
1205 729 1286 818
1252 1126 1312 1214
909 1526 998 1628
1416 1592 1475 1669
1851 1120 1915 1220
1922 917 2023 1027
1034 231 1152 305
767 108 839 224
348 50 437 126
896 1740 926 1792
1615 999 1664 1088
1725 1358 1782 1448
1604 1286 1648 1322
1119 1050 1185 1135
682 1346 750 1390
483 927 544 969
371 467 455 568
1127 582 1203 695
1404 555 1475 674
1373 637 1416 710
1349 716 1401 791
1139 801 1188 886
877 1944 928 2015
1757 891 1801 976
1843 122 1900 212
571 69 685 152
442 119 605 223
815 255 864 334
908 604 960 675
1068 1206 1130 1287
1181 1328 1206 1358
1653 1573 1724 1652
1257 1023 1332 1063
40 1144 87 1213
292 1298 362 1370
305 1085 339 1155
1666 674 1714 752
1385 1131 1427 1210
628 1410 688 1506
30 1712 82 1796
143 1650 212 1684
177 1698 248 1732
65 690 138 766
1 31 106 134
1054 1564 1121 1628
876 1255 960 1333
747 1916 822 1992
677 1762 734 1791
507 645 554 732
1366 485 1444 585
1812 1215 1872 1281
300 1485 342 1542
130 11 212 117
268 1948 323 1974
742 587 815 670
707 557 772 609
1588 233 1756 361
1603 942 1670 975
1526 985 1591 1036
1927 1905 1987 1936
1677 173 1724 268
1991 372 2043 447
603 1098 674 1133
159 1021 198 1102
800 1777 853 1826
1048 1381 1092 1456
1413 117 1455 198
1825 784 1918 837
