588 498 670 555
459 1549 571 1646
621 1550 700 1601
771 1188 870 1254
702 1052 780 1120
264 1288 381 1371
341 1715 476 1835
650 1733 715 1790
808 1502 894 1577
563 1797 639 1857
1476 875 1568 940
1660 647 1741 774
1761 551 1827 652
1853 428 1912 507
460 220 601 317
591 376 660 436
657 583 735 704
1058 217 1115 251
986 1535 1060 1583
1372 1047 1443 1093
1791 1430 1824 1476
1788 11 1841 94
1602 1 1650 67
939 363 983 416
1437 459 1475 521
246 166 408 271
328 637 458 726
472 682 564 758
706 1282 788 1341
870 1736 906 1791
268 1553 354 1615
1891 282 1970 344
