820 1633 893 1729
1472 484 1583 657
796 270 844 341
784 49 823 114
546 43 620 112
404 509 451 588
474 485 517 560
1093 111 1140 192
1266 1408 1331 1508
1280 1032 1402 1107
1359 894 1458 1009
1585 716 1691 823
1098 1071 1184 1131
665 870 730 953
382 1593 461 1642
1102 565 1167 642
1170 751 1241 791
157 89 226 202
1019 1694 1102 1759
553 1280 610 1355
1631 1746 1733 1878
1029 975 1086 1045
250 1811 284 1873
408 141 460 230
1175 874 1246 913
1570 1510 1681 1649
1512 1525 1615 1677
1527 1302 1636 1441
641 1623 718 1696
150 992 198 1072
1813 1528 1872 1570
1360 285 1441 367
326 1474 374 1545
126 1694 175 1721
892 918 951 960
906 651 961 681
769 1459 831 1493
1318 1706 1411 1817
760 208 815 247
