565 983 673 1064
1632 160 1747 313
1626 1760 1739 1954
1488 1768 1584 1913
347 762 428 875
1167 654 1252 747
1454 490 1535 616
1495 186 1601 264
1446 280 1517 353
1413 404 1482 508
1114 226 1190 294
1087 19 1168 87
446 974 508 1036
1041 1834 1114 1920
177 1673 244 1712
447 1297 486 1356
415 1377 490 1419
1135 1457 1197 1535
1289 1203 1357 1312
1498 1596 1585 1697
1294 927 1330 989
1411 1660 1467 1735
1131 1701 1175 1745
689 1523 745 1614
619 695 675 730
683 726 750 793
753 737 817 815
1146 915 1180 977
436 394 524 449
356 244 404 306
1469 1015 1634 1146
1672 619 1768 755
1626 1584 1729 1705
505 597 549 652
1100 1053 1144 1132
148 665 186 721
296 839 360 881
