1057 708 1180 825
1115 831 1238 932
1285 587 1385 698
1505 974 1673 1093
1304 864 1418 991
1410 597 1546 825
1404 266 1555 476
1297 198 1379 267
1182 488 1253 568
1066 184 1153 281
1003 202 1068 267
1021 42 1108 141
805 281 876 357
464 137 534 216
340 415 402 486
245 950 312 1025
410 1825 472 1891
458 1691 518 1764
584 1740 643 1791
702 1043 767 1122
1055 1707 1149 1811
1311 1797 1397 1898
1488 1584 1599 1719
1517 1223 1619 1315
1226 1163 1331 1272
1108 947 1197 1046
943 1479 999 1550
863 1556 914 1599
851 1367 908 1440
684 1468 751 1532
814 1139 860 1175
123 1191 180 1239
825 1877 906 1951
989 1601 1058 1686
842 463 901 536
725 830 790 908
354 1970 432 2044
1410 1424 1539 1581
1321 1532 1480 1697
