509 1258 636 1369
396 1108 483 1182
394 814 510 923
898 800 1015 856
1096 747 1218 823
1494 800 1573 948
1227 1031 1357 1125
1660 1144 1731 1256
970 1804 1045 1851
932 598 1020 753
167 1422 254 1479
1135 1157 1214 1209
1393 887 1442 964
1238 629 1315 742
201 1879 282 1934
784 927 891 1006
905 1340 973 1415
863 1638 948 1707
1132 1319 1176 1388
1306 1442 1365 1497
582 642 706 711
139 799 274 934
182 1104 234 1175
503 1080 547 1100
526 922 610 969
1490 1432 1534 1502
685 1109 750 1142
755 1258 846 1305
1755 1269 1844 1337
1391 1708 1464 1764
682 408 824 485
761 551 880 661
1264 704 1368 819
1398 780 1505 864
1688 520 1834 622
802 1213 859 1304
267 985 344 1100
188 761 261 849
70 534 177 605
436 560 535 633
843 480 934 550
1283 520 1400 599
1004 1067 1093 1165
801 1532 862 1583
1224 1256 1300 1296
716 741 852 843
1817 753 1953 827
1048 787 1153 878
1608 989 1680 1091
1410 953 1489 1019
359 822 410 902
619 823 706 883
676 1449 735 1511
489 349 572 408
499 1320 584 1434
105 1085 190 1150
1255 1503 1314 1547
1765 1415 1840 1480
