624 515 699 596
657 202 746 298
842 235 886 320
923 493 1008 567
884 721 985 821
1497 910 1653 1071
1696 882 1816 998
1634 430 1765 601
1588 749 1675 882
1544 1 1654 194
1278 24 1405 164
1563 1230 1688 1464
1599 1479 1685 1646
1713 1902 1821 2033
1729 24 1806 150
1717 227 1829 405
1027 1308 1111 1393
451 1254 535 1341
71 81 140 160
187 538 253 623
715 451 796 546
1138 204 1219 292
1492 226 1575 351
1334 1339 1417 1442
1221 1215 1276 1320
1209 1019 1276 1136
295 1293 370 1358
150 1029 225 1075
666 1809 701 1880
166 1715 249 1779
473 396 538 460
589 223 631 298
1101 1129 1170 1208
1273 969 1312 1044
300 405 369 439
181 1 252 52
1141 474 1197 556
889 140 946 195
1011 1942 1064 2013
1225 840 1311 927
1076 958 1122 993
1604 1801 1731 1884
