509 1258 636 1369
396 1108 483 1182
394 814 510 923
898 800 1015 856
1096 747 1218 823
1494 800 1573 948
1227 1031 1357 1125
1660 1144 1731 1256
970 1804 1045 1851
932 598 1020 753
167 1422 254 1479
1135 1157 1214 1209
1393 887 1442 964
1238 629 1315 742
201 1879 282 1934
784 927 891 1006
905 1340 973 1415
863 1638 948 1707
1132 1319 1176 1388
1306 1442 1365 1497
582 642 706 711
139 799 274 934
182 1104 234 1175
503 1080 547 1100
526 922 610 969
1490 1432 1534 1502
685 1109 750 1142
755 1258 846 1305
1755 1269 1844 1337
1391 1708 1464 1764
