1170 700 1289 779
1119 542 1229 664
1542 815 1695 955
1456 145 1597 294
862 114 928 214
1020 248 1103 309
1067 42 1137 143
1124 48 1195 154
1349 440 1432 559
1238 326 1297 403
1169 832 1246 911
1360 725 1468 848
1553 1084 1677 1173
1531 1447 1625 1572
460 1682 524 1769
315 819 375 876
758 874 819 974
1047 1057 1118 1170
1007 1349 1046 1420
1120 1568 1190 1644
418 284 465 350
524 20 581 97
906 311 955 396
910 1410 985 1453
759 1115 812 1206
761 1348 823 1382
896 1239 970 1306
128 923 177 952
521 1533 572 1618
80 1967 139 2026
285 1113 340 1157
365 1101 404 1157
545 713 581 775
639 293 681 348
1398 911 1492 972
1076 929 1127 1016
597 779 654 876
998 689 1055 786
793 692 873 781
12 1100 84 1151
1014 535 1061 560
1115 295 1186 380
1040 1474 1106 1516
1028 1841 1084 1932
477 1913 519 1988
390 141 458 188
979 993 1034 1086
1375 1395 1530 1572
