408 826 502 906
496 1263 630 1370
412 1119 491 1174
760 1243 851 1308
904 1347 981 1426
895 785 1016 868
1103 728 1220 829
782 923 890 1011
1250 641 1321 742
175 1418 260 1477
536 912 602 956
1355 1331 1439 1434
977 1813 1050 1862
1155 1808 1212 1870
1396 1699 1465 1773
1758 1280 1841 1342
1658 1158 1745 1262
938 623 1019 740
88 1740 181 1812
209 1873 278 1919
532 1478 599 1582
1125 1162 1210 1204
588 639 714 714
1471 1432 1532 1500
1226 1029 1366 1141
1469 924 1594 1004
1487 791 1576 958
1536 667 1634 792
1398 895 1428 944
178 1100 226 1182
217 989 296 1031
1146 1329 1180 1398
1236 1278 1296 1357
685 1088 761 1167
