314 810 387 890
1125 557 1233 667
1163 717 1284 788
1170 811 1241 907
1067 29 1134 136
868 126 950 246
909 311 958 398
540 7 588 92
413 290 464 345
763 885 820 982
998 687 1047 774
1369 715 1473 854
1050 1471 1099 1552
921 1412 990 1454
921 1245 960 1306
609 791 648 862
765 1117 814 1204
1002 1142 1045 1212
474 1685 539 1762
523 1548 572 1620
642 1616 694 1643
126 927 193 967
1028 1845 1093 1950
1123 1556 1190 1647
1238 334 1308 425
1021 248 1094 310
1132 49 1194 154
799 711 859 780
299 1100 350 1162
647 949 683 1016
769 1338 808 1385
1006 1342 1061 1422
1544 1444 1632 1577
1550 888 1629 935
551 715 590 767
640 264 697 350
56 60 96 126
16 1107 73 1167
609 1137 665 1205
386 137 445 196
216 675 260 754
414 841 483 880
417 1457 461 1480
1013 1641 1070 1685
764 1659 817 1693
1001 1927 1040 1996
911 1729 972 1805
393 1012 445 1087
818 498 852 551
668 578 704 618
1115 312 1200 389
915 13 949 78
622 63 668 144
