1758 1748 1865 1917
1746 1440 1811 1484
1747 1323 1808 1400
1500 1013 1649 1129
1344 401 1492 559
1667 62 1781 181
990 317 1049 404
1147 633 1229 720
1032 1131 1104 1199
1220 1391 1298 1478
1585 1179 1687 1346
1279 1499 1347 1581
1251 172 1282 231
587 1761 647 1827
754 201 820 278
442 139 477 195
453 902 495 977
278 671 354 743
348 1542 414 1614
959 1481 1008 1530
928 1471 963 1517
1382 1610 1452 1665
1735 1126 1790 1217
1348 1752 1384 1819
1147 1737 1226 1817
812 1650 865 1733
573 1448 620 1496
353 1735 396 1794
459 1840 514 1924
681 703 748 739
1160 458 1246 535
1347 96 1406 162
1489 1347 1616 1508
1108 1911 1179 1954
1407 1977 1455 2013
873 1831 932 1884
618 1007 682 1058
1112 1491 1180 1600
604 1708 679 1752
196 1752 244 1828
871 801 918 866
1726 960 1779 1050
697 571 758 620
106 549 171 585
970 1297 1004 1359
957 956 1025 999
1280 692 1373 820
113 113 162 162
203 1614 263 1665
1071 875 1153 965
122 1058 171 1109
1246 1983 1332 2032
1338 1843 1406 1945
579 759 640 797
57 1296 100 1364
1655 350 1741 467
973 115 1032 171
335 1883 394 1948
1087 1597 1117 1649
386 431 454 505
161 807 225 877
151 1650 173 1690
1202 1299 1232 1335
1166 1038 1227 1087
