355 233 426 327
521 153 583 199
324 19 390 87
56 106 125 152
1 125 74 203
228 122 288 184
883 91 926 140
919 139 986 192
889 227 923 266
722 283 766 336
570 210 621 270
200 274 271 347
187 362 216 395
611 384 667 449
927 373 983 417
662 509 739 582
440 529 505 605
276 753 332 812
220 798 293 872
169 819 231 866
529 746 621 835
463 888 536 970
662 715 729 786
625 697 706 756
973 614 1024 658
874 825 925 861
912 926 959 981
557 934 618 983
669 853 718 892
321 663 368 723
29 508 97 574
478 439 525 478
938 432 980 467
766 898 793 934
