794 412 858 481
978 956 1024 1024
849 943 936 1023
678 964 748 1020
117 860 193 933
220 857 282 928
552 754 608 792
602 761 666 826
783 808 819 859
864 699 920 770
927 593 982 653
841 567 888 629
789 587 845 655
649 527 697 561
497 590 567 654
509 675 553 717
430 562 477 610
446 616 482 655
373 640 438 693
268 662 325 698
1 517 43 552
870 490 932 543
640 431 673 478
568 447 627 493
628 352 655 392
562 294 623 363
387 478 435 524
270 349 322 397
194 427 243 491
431 458 461 489
563 375 593 409
769 244 821 296
674 200 735 249
656 248 705 291
663 293 694 333
649 143 687 187
677 79 741 146
788 32 848 71
964 45 985 78
493 166 552 219
399 153 448 204
389 101 453 150
366 28 419 87
332 229 411 307
248 152 290 199
1 209 40 268
297 162 350 231
422 1 473 41
549 237 579 273
