176 284 218 350
335 256 395 325
490 373 530 440
461 436 497 480
519 597 592 662
437 623 480 675
408 783 467 839
468 766 508 827
384 821 436 892
384 724 413 760
428 676 471 741
614 935 683 1006
846 884 924 983
901 724 958 783
967 688 1024 732
813 485 881 549
861 409 921 484
959 410 1007 470
746 167 816 259
775 126 810 183
474 85 539 137
503 77 556 121
305 125 362 168
327 1 378 49
46 189 97 215
6 186 58 233
62 414 113 440
1 447 41 476
3 535 39 564
199 929 289 980
16 858 55 880
297 759 318 792
228 551 266 604
220 406 255 435
252 418 291 449
275 414 367 547
297 602 333 646
622 668 670 697
717 684 760 718
787 710 823 757
889 560 931 609
825 245 858 291
754 8 784 25
801 66 862 117
671 807 700 853
548 943 582 994
485 931 533 980
414 940 454 1004
665 548 747 661
905 318 932 369
79 461 150 520
