6 81 33 104
213 93 249 144
335 1 394 75
330 56 378 133
523 128 613 209
592 58 661 102
681 26 729 59
698 171 749 219
852 81 896 121
788 112 834 147
924 192 970 244
738 375 782 423
674 355 720 401
598 510 660 582
474 547 540 595
433 597 486 663
501 672 565 734
555 781 603 842
387 799 473 884
329 650 399 706
388 934 467 1007
331 963 400 1024
574 937 634 983
708 945 763 1013
865 716 926 776
922 548 996 604
990 668 1024 717
880 471 907 498
753 499 805 543
865 409 898 451
120 198 163 234
88 432 143 500
117 499 161 561
247 490 303 565
200 519 247 557
305 434 348 463
20 705 82 757
61 735 91 773
210 784 245 827
266 872 304 919
1 258 73 327
323 172 369 228
567 371 631 437
629 813 685 864
1 499 34 537
718 644 788 704
756 25 802 74
882 16 930 54
