34 674 73 725
130 761 190 825
208 608 274 673
181 677 230 715
331 687 400 748
395 593 456 652
471 803 532 858
492 907 545 958
445 405 483 454
557 256 603 295
554 209 581 234
536 58 580 105
616 101 641 135
689 175 729 204
767 91 807 148
837 128 907 194
858 88 893 127
827 23 862 59
969 297 1007 341
954 423 988 452
943 445 982 484
905 465 938 498
797 603 841 659
801 689 843 719
879 699 905 732
743 442 792 509
753 556 789 589
724 613 753 636
811 791 853 850
947 841 983 885
784 903 824 936
658 872 722 912
689 758 740 818
309 848 338 901
397 850 423 877
426 759 448 788
242 412 273 455
135 11 175 67
183 175 248 219
240 195 276 215
379 522 436 566
79 945 117 1007
190 924 243 976
565 394 600 443
780 163 813 209
672 951 708 1024
501 57 548 91
698 1 742 45
