388 23 408 49
537 25 586 97
458 81 525 162
710 175 780 252
833 66 880 113
758 1 810 50
920 16 985 71
933 187 995 249
282 234 357 321
194 242 260 299
224 104 285 150
193 117 235 176
5 168 26 203
199 356 281 429
99 401 166 449
124 382 166 431
36 435 91 502
410 387 446 410
593 396 649 448
671 435 747 502
759 449 799 483
784 376 823 403
834 386 908 462
933 407 976 468
938 360 967 403
585 558 668 628
764 587 846 666
842 598 910 658
932 696 993 761
795 718 882 791
861 956 938 1018
815 977 862 1024
970 772 993 803
502 514 561 578
648 453 681 484
426 566 475 596
391 691 466 740
449 681 528 752
411 781 453 821
441 861 468 880
427 988 456 1022
184 744 222 778
149 842 196 877
121 902 163 946
119 775 159 805
84 681 127 719
97 559 157 615
64 850 85 876
72 728 92 761
