25 14 56 48
164 85 219 136
259 106 302 163
79 136 118 188
561 62 629 123
637 11 671 36
910 1 944 48
994 27 1020 58
683 107 752 166
597 158 683 241
725 219 780 288
603 245 637 292
476 213 537 280
966 194 1024 281
963 173 982 191
896 324 939 351
862 223 887 258
839 243 865 276
204 418 250 486
146 413 192 464
57 414 93 466
53 630 104 679
174 526 213 590
277 600 346 690
655 531 714 609
927 587 1009 659
977 452 1019 494
792 701 875 774
706 766 780 851
827 838 888 893
738 929 810 988
665 934 742 1019
328 887 383 943
387 940 439 978
70 825 125 900
483 764 513 802
71 937 111 988
899 786 939 833
870 912 917 964
