656 106 723 178
392 810 467 887
371 920 419 986
532 753 581 802
511 672 557 728
127 799 186 852
130 660 187 716
107 625 166 684
1 692 45 744
1 767 60 833
35 806 69 849
85 517 152 601
52 472 85 519
134 441 187 522
224 479 262 521
289 489 353 533
150 261 249 373
163 142 198 169
72 117 121 174
138 12 191 69
201 77 247 136
460 91 515 139
537 109 579 149
633 386 671 438
681 507 738 549
754 467 805 520
910 504 961 573
925 583 981 626
524 458 572 524
528 592 570 651
611 859 644 906
660 869 700 922
714 888 733 919
623 972 694 1024
718 947 751 983
784 885 817 918
317 334 361 360
351 15 406 50
95 5 124 35
503 16 528 47
863 276 905 327
738 243 763 277
410 223 450 274
989 792 1023 834
910 695 953 721
849 662 891 687
225 861 273 912
