728 439 806 525
570 242 632 317
746 543 807 604
860 539 896 582
912 562 963 613
810 823 874 899
739 903 801 974
429 760 493 832
276 834 350 898
219 743 279 815
286 683 332 756
319 620 367 688
415 563 445 601
531 410 560 452
522 447 545 472
310 336 384 388
166 515 221 559
202 598 262 672
141 686 184 746
26 806 81 853
53 971 75 1002
55 646 104 707
977 670 1024 736
972 752 1024 819
402 81 444 125
554 9 588 64
669 377 708 439
452 689 503 728
395 272 448 334
362 417 389 463
936 959 971 1007
659 962 702 995
