224 123 289 192
360 238 430 329
205 274 265 342
324 25 395 94
1 130 67 201
515 150 585 202
576 207 624 272
886 89 934 148
915 142 976 186
890 216 925 265
720 285 769 340
751 122 794 171
608 382 665 448
924 370 981 422
668 501 739 581
536 748 619 830
668 713 734 788
623 693 692 748
268 751 329 812
228 802 293 872
475 897 542 959
560 938 624 987
673 853 719 888
761 901 795 935
875 822 926 860
973 772 1004 803
995 830 1018 855
910 925 949 977
553 376 588 412
185 360 218 395
224 432 251 472
542 492 580 538
435 525 505 603
