436 144 521 232
604 323 687 414
636 306 665 341
481 319 532 367
393 402 470 462
336 366 391 410
376 321 416 365
426 282 462 322
500 52 559 135
763 157 836 221
782 48 837 121
343 151 377 177
197 133 240 184
60 59 94 81
1 337 44 396
21 515 74 567
58 624 125 691
115 629 182 688
111 724 187 814
80 794 131 860
25 881 59 933
205 770 282 849
231 771 297 849
340 800 392 836
397 940 419 975
300 608 340 667
289 572 316 595
381 642 420 684
646 812 679 854
545 946 596 1018
588 873 623 919
760 893 824 965
747 843 803 898
818 799 867 859
928 927 998 989
842 988 881 1022
839 754 896 806
857 725 908 776
951 761 985 790
940 716 980 749
913 843 933 865
958 541 1024 610
827 394 888 440
641 475 671 510
224 528 264 574
540 710 575 743
930 858 960 891
