137 82 203 133
42 127 107 189
3 70 45 126
189 36 224 85
412 44 459 74
649 1 713 56
757 70 847 210
642 79 703 156
986 142 1024 182
913 181 980 254
343 183 413 263
915 268 964 307
485 203 531 243
123 304 157 339
109 381 197 442
47 497 104 554
522 470 551 501
952 399 1022 450
987 443 1024 470
832 513 906 602
961 557 1007 612
882 592 942 666
710 643 767 707
637 562 680 609
571 532 617 576
863 737 942 815
743 802 811 858
682 791 750 859
993 813 1018 831
491 877 543 929
462 766 514 812
403 751 455 817
323 790 383 857
247 763 294 796
196 934 293 1024
441 963 502 1022
893 933 915 966
551 321 603 372
678 403 746 473
72 626 120 693
182 822 209 851
582 862 609 882
601 984 632 1022
