1 132 61 204
107 147 179 208
296 93 334 132
392 193 443 235
465 222 526 264
532 193 585 240
633 179 669 238
801 218 878 287
767 34 829 86
827 1 906 74
553 115 580 153
386 35 424 91
255 178 282 224
226 85 253 118
239 253 278 301
384 304 449 366
336 213 402 288
749 226 806 270
965 76 1004 119
910 194 943 238
995 370 1024 431
738 352 784 400
665 371 700 393
10 362 80 444
9 469 57 513
112 487 158 539
153 525 201 578
148 639 208 701
137 589 167 628
109 719 156 763
53 774 117 827
765 441 790 467
679 484 718 514
850 615 889 675
594 612 658 661
509 716 560 763
447 789 504 854
854 728 913 764
809 779 874 823
767 730 820 786
663 764 730 826
721 669 783 724
775 808 839 863
838 845 895 896
795 931 859 983
966 969 999 1012
527 902 583 959
44 926 97 977
486 481 541 530
578 540 639 579
822 685 855 711
267 753 336 806
165 458 195 505
