954 36 1019 107
825 23 914 103
661 42 721 99
272 105 332 149
183 82 235 137
137 57 184 110
300 156 347 229
920 142 986 215
986 258 1024 347
979 366 1024 414
871 360 930 428
652 432 720 504
538 275 637 374
234 383 303 444
215 329 261 385
260 464 313 519
330 432 368 455
206 252 271 322
1 394 73 446
37 545 97 588
123 508 163 538
172 530 211 561
89 635 160 705
10 741 58 788
383 832 465 936
606 757 682 829
915 887 984 940
798 650 858 693
749 532 797 574
696 570 739 603
518 834 569 894
353 958 419 1024
428 657 489 729
477 552 513 599
866 248 910 312
529 127 580 170
102 118 135 160
704 178 737 204
741 137 770 163
1 261 56 320
11 46 47 77
175 277 198 306
728 919 761 966
