780 1300 897 1423
1055 1092 1147 1219
1023 338 1098 437
1040 33 1120 123
927 110 1030 182
806 378 915 454
426 274 515 336
276 684 365 757
263 1310 410 1410
416 1726 499 1823
392 1542 485 1619
539 1590 642 1667
830 1551 894 1628
822 1726 893 1806
1373 1488 1460 1548
1426 1393 1491 1442
1823 1368 1918 1441
1711 1159 1794 1235
1593 1225 1688 1308
1541 1729 1613 1830
1663 279 1741 352
1778 223 1847 297
1568 907 1615 976
1229 644 1311 719
620 1046 681 1123
1668 1587 1749 1688
405 421 461 482
533 355 598 419
698 1927 827 2042
