414 260 469 320
625 92 671 136
714 118 748 166
673 223 713 263
840 350 892 396
871 106 939 174
865 128 886 149
970 154 987 173
923 30 958 81
398 453 425 480
485 592 520 640
525 605 558 651
488 768 523 802
436 861 465 891
550 936 593 989
617 951 669 1000
616 852 656 882
636 885 661 903
748 999 779 1024
973 838 1024 908
902 728 933 757
800 528 830 555
764 481 790 501
835 459 854 484
533 434 592 498
526 512 543 534
504 527 527 550
473 519 492 534
384 874 419 900
280 823 322 867
294 779 311 798
206 699 268 751
293 721 322 765
183 745 223 774
181 806 206 831
113 794 136 825
32 800 68 831
56 752 81 777
102 687 141 725
59 681 97 717
104 587 142 631
127 537 167 568
50 527 123 588
134 457 153 471
190 462 245 533
339 339 374 370
349 301 388 334
299 260 360 312
299 260 360 312
252 245 272 262
116 315 156 354
33 326 92 374
195 119 218 135
352 50 407 110
363 178 393 218
479 135 504 171
304 631 324 660
332 631 348 653
593 687 629 716
656 601 704 653
716 586 731 605
792 895 809 914
685 1 715 24
437 318 486 367
242 991 272 1022
92 973 111 998
19 605 46 644
1 507 52 550
1003 474 1022 497
1007 108 1024 152
553 289 597 336
493 402 549 475
190 883 205 896
