208 512 261 560
90 539 158 613
1 666 68 732
56 723 89 748
161 847 186 873
166 902 196 933
317 955 337 988
325 999 355 1021
375 944 401 967
435 895 477 930
454 687 506 729
514 759 531 780
542 689 612 777
523 507 591 578
465 583 530 623
607 537 645 562
630 646 717 729
682 764 747 815
849 939 918 1006
808 732 861 774
799 599 846 637
737 431 768 457
681 263 727 303
578 393 624 442
535 422 570 460
355 399 441 482
195 451 248 499
201 364 232 406
235 404 264 444
292 527 319 556
461 431 487 454
926 603 978 646
959 655 992 676
736 820 778 854
760 905 786 928
785 974 818 1000
586 786 606 815
527 931 545 950
394 971 428 1005
124 923 144 950
177 918 203 949
31 940 73 988
29 773 68 820
321 134 396 202
310 136 330 165
278 94 324 124
608 650 626 666
729 727 750 760
671 824 690 840
950 226 986 268
672 34 711 74
710 28 724 48
729 29 748 50
747 126 772 143
950 2 1006 57
942 290 999 364
918 494 939 507
671 543 698 592
676 582 695 600
622 626 633 641
448 445 462 468
256 260 273 274
328 33 361 64
444 82 508 125
472 73 487 93
148 982 179 1001
68 124 97 140
45 62 76 98
447 374 465 389
357 387 382 402
263 282 289 300
117 116 196 190
194 804 213 820
228 813 240 825
358 546 377 562
621 411 638 427
