13 475 68 530
40 341 87 374
283 255 325 301
363 523 416 578
266 575 309 618
582 712 628 774
492 827 552 856
389 105 435 134
587 64 622 99
787 50 856 90
831 78 879 142
878 243 911 272
778 844 825 900
648 457 673 480
680 326 707 357
711 290 771 341
753 305 788 348
692 127 732 165
394 166 416 186
377 126 395 146
185 409 231 440
188 375 206 397
60 510 76 536
5 762 66 834
67 883 115 938
164 952 230 1005
246 903 280 923
461 852 488 873
531 866 553 884
632 721 661 743
519 749 537 774
822 657 866 696
843 638 872 656
914 654 936 681
778 371 814 396
502 94 519 115
876 2 898 24
670 240 701 276
407 420 445 449
619 273 640 299
868 359 885 376
964 653 982 674
902 555 915 568
927 759 945 778
955 771 974 787
296 91 308 107
247 163 266 193
38 168 55 197
75 301 98 319
348 323 367 349
13 701 52 740
874 162 895 181
972 101 992 128
461 646 479 663
758 884 776 898
100 270 116 293
471 752 535 801
231 671 287 727
550 646 579 722
637 747 725 825
558 542 584 563
548 170 581 208
426 868 447 886
949 775 997 843
902 316 929 342
