67 719 138 786
160 584 200 649
28 454 71 505
122 378 165 420
22 648 68 688
306 766 333 789
466 888 500 922
517 891 544 924
620 882 693 935
804 327 842 357
730 553 756 576
542 77 580 120
588 225 631 260
585 180 610 210
588 144 611 170
636 190 652 208
458 381 494 407
579 519 614 541
450 481 481 515
480 690 510 742
570 659 595 678
561 718 577 744
947 95 972 128
966 194 983 208
467 340 497 358
415 326 434 343
429 374 449 389
377 421 402 447
149 907 187 940
18 793 79 837
183 23 222 62
17 100 52 136
56 220 77 235
180 91 202 120
428 211 443 228
411 295 427 311
355 780 378 823
174 844 194 860
624 670 679 723
180 439 205 485
315 231 333 250
281 276 303 290
7 689 29 714
200 814 217 836
696 468 734 487
156 285 171 301
