172 666 236 737
248 899 279 937
200 541 226 566
287 321 318 352
427 360 448 380
436 330 462 348
531 337 569 381
506 436 533 462
538 519 599 559
558 457 577 473
439 676 482 719
405 815 434 841
436 805 455 823
403 784 421 797
462 733 479 750
527 911 545 934
835 715 869 738
794 836 829 865
631 247 675 289
738 289 773 316
34 340 118 420
746 835 802 897
898 918 927 947
960 546 994 581
892 416 934 478
673 434 730 516
721 159 746 174
755 57 778 87
714 99 732 119
634 210 656 232
293 559 327 589
287 659 308 675
163 25 196 76
456 67 476 93
534 174 564 194
242 8 338 90
316 89 336 106
257 246 316 305
65 180 86 210
593 217 618 237
902 643 935 666
231 386 248 403
50 732 75 751
564 699 581 714
303 941 315 957
135 986 153 999
964 678 982 689
