25 654 69 697
100 791 133 825
187 594 222 623
160 637 186 655
120 890 141 911
524 744 555 779
668 828 720 863
760 773 782 799
561 372 609 428
661 452 696 488
740 495 763 515
779 341 852 406
535 345 565 375
611 372 631 393
262 160 323 208
139 221 173 260
205 380 227 396
93 367 128 385
57 456 90 481
587 5 610 38
135 142 195 219
186 475 241 543
284 559 318 582
780 760 809 780
961 820 1001 867
940 506 997 533
868 119 924 155
858 70 891 101
555 906 584 939
240 959 262 978
204 810 218 823
119 682 136 701
106 1003 120 1018
67 516 148 596
13 305 65 367
20 294 42 317
93 399 123 425
456 284 530 354
361 420 380 433
356 449 369 461
368 456 382 474
581 574 599 587
33 175 50 200
951 375 974 392
538 44 550 59
341 45 358 63
941 640 961 656
916 922 954 962
