123 612 148 638
253 509 301 549
275 666 302 686
357 913 384 932
364 948 391 967
345 866 376 882
122 770 148 793
44 590 77 610
363 326 402 357
463 498 494 537
495 692 518 712
434 683 464 710
490 797 516 819
581 893 627 919
597 624 639 660
718 601 749 632
505 119 532 146
573 173 602 196
621 469 652 484
596 521 611 544
587 507 599 530
564 659 602 710
592 668 617 691
509 554 526 571
207 378 243 405
699 780 737 815
843 517 887 548
838 478 878 534
807 413 850 446
799 451 816 484
808 519 829 550
876 666 946 710
697 972 739 1023
524 773 580 799
600 714 623 748
639 834 658 870
453 146 506 193
507 3 546 41
275 16 291 38
527 436 566 500
676 345 702 374
863 190 935 250
55 800 82 833
192 674 238 718
63 970 79 997
15 798 61 837
176 541 189 557
121 194 152 225
69 151 137 206
677 452 696 471
734 63 761 82
541 226 560 245
237 98 285 160
302 60 322 106
17 396 34 418
49 348 68 359
87 838 110 860
517 199 537 221
121 350 151 365
187 926 201 947
39 930 50 950
681 192 720 231
806 914 822 926
