20 437 34 475
180 985 209 1018
203 961 236 983
272 975 299 993
243 685 263 704
112 782 138 807
57 657 106 693
401 500 440 535
481 530 500 564
555 297 597 322
433 146 472 207
429 116 459 134
615 133 636 164
835 557 874 601
844 614 910 661
687 990 761 1024
659 849 681 879
689 827 723 846
848 220 864 246
324 581 364 640
267 648 348 735
375 731 410 756
388 688 402 705
310 936 326 951
298 918 313 929
152 959 181 1011
61 994 100 1017
86 746 100 766
125 95 144 125
91 282 113 296
173 394 194 417
187 346 205 364
217 375 232 395
421 364 442 385
472 402 501 433
674 365 730 391
927 391 954 421
852 795 866 817
921 763 938 780
312 375 329 392
13 83 43 99
36 341 58 363
218 629 233 656
168 861 206 880
616 946 633 979
825 768 841 789
451 28 471 46
552 164 565 183
645 686 664 708
274 558 303 583
392 613 432 636
417 157 437 176
