198 504 228 546
222 940 253 993
343 690 372 706
550 760 589 782
504 720 533 737
521 690 542 709
521 690 542 709
541 704 560 727
583 837 617 866
631 864 652 907
145 750 174 789
21 616 69 673
61 672 80 702
104 766 143 789
110 709 136 734
167 444 206 484
194 94 240 119
245 104 279 142
281 120 310 153
307 227 351 250
622 390 658 449
552 359 598 416
578 634 658 667
699 919 730 937
770 880 806 927
920 719 969 781
238 391 277 443
270 779 316 815
33 446 71 480
110 142 157 212
114 105 136 136
128 30 151 77
301 69 324 92
461 4 497 44
655 187 694 247
656 326 704 386
748 1 786 70
688 65 705 111
829 459 873 477
937 295 1003 365
945 13 984 56
944 63 970 86
523 347 545 389
477 203 510 233
51 285 82 303
9 474 34 523
128 946 149 966
383 970 404 993
410 930 431 964
386 916 404 932
342 899 360 924
511 898 537 915
798 472 816 498
665 438 691 459
559 424 578 453
624 361 643 384
629 263 651 301
537 112 567 125
524 40 545 66
409 225 424 261
421 304 451 317
391 346 416 377
259 673 281 691
798 700 824 726
961 575 995 609
885 29 902 56
208 124 229 166
158 54 184 77
190 779 205 800
413 707 433 732
357 583 387 609
343 637 360 667
912 797 943 841
912 793 928 810
815 819 830 844
505 518 530 532
523 401 538 428
179 650 204 671
115 564 150 593
89 561 108 586
14 597 29 614
365 475 394 497
654 584 677 605
775 583 792 605
811 302 832 337
788 290 824 310
731 961 757 976
597 150 618 164
867 158 901 178
