119 918 140 936
102 453 122 483
213 705 231 732
321 834 348 865
303 743 326 759
605 228 638 254
567 195 587 229
752 886 775 915
668 739 682 762
621 627 641 643
477 515 507 532
447 437 506 467
452 268 472 295
502 292 532 357
611 335 637 355
545 10 561 45
866 223 901 257
931 606 962 642
901 427 958 470
792 247 831 283
864 268 891 297
859 359 882 379
580 968 599 985
466 695 486 717
338 151 359 172
1 576 39 620
139 610 168 631
950 132 972 150
824 172 840 191
491 793 520 816
285 974 303 993
385 250 408 279
228 422 249 438
616 412 652 431
812 655 833 672
851 734 874 757
305 39 323 52
143 6 165 22
248 339 275 372
245 1002 267 1022
