308 392 354 467
344 905 370 944
309 823 345 849
259 996 278 1018
259 747 280 780
376 621 410 659
365 576 396 598
456 506 478 535
412 349 435 391
362 390 404 429
628 484 684 528
543 712 578 733
540 757 561 782
709 698 725 719
668 680 693 697
728 604 746 629
802 523 825 563
765 513 788 536
944 739 975 765
967 832 1014 852
772 958 801 991
452 672 496 711
96 220 126 253
274 112 297 146
373 73 406 113
411 65 437 100
447 187 470 213
495 170 512 195
518 172 533 190
610 166 635 202
687 379 725 427
773 408 798 439
879 474 939 496
584 468 609 530
589 609 612 629
215 783 235 805
3 377 32 399
266 413 281 431
1 261 34 295
294 628 317 662
187 497 209 515
229 880 247 903
508 947 530 963
547 898 563 914
384 712 407 727
475 438 543 480
537 501 564 527
747 370 776 397
780 131 806 173
725 649 755 668
842 727 869 754
570 552 589 575
199 256 226 282
47 179 73 198
748 89 765 108
507 96 540 156
470 883 505 903
399 838 416 849
310 199 325 232
330 76 357 97
257 15 283 35
5 200 43 239
212 130 229 151
355 127 389 166
367 173 385 191
847 237 872 259
829 22 863 39
104 686 116 707
70 985 87 1007
56 1005 75 1024
313 477 330 496
506 410 517 428
820 784 846 798
971 945 988 975
63 743 102 779
