5222 1087 5377 1243
5150 1521 5361 1661
5245 2131 5339 2278
5013 1891 5144 1999
5043 995 5169 1139
4854 1094 5024 1205
4946 832 5032 963
5293 842 5378 933
5310 1307 5374 1403
4723 1172 4845 1268
4785 1723 4924 1815
4810 1859 4876 1959
4782 1987 4843 2075
5112 2086 5205 2200
5033 2150 5106 2253
4871 2159 4982 2232
4820 2394 4917 2465
4869 2575 4965 2639
5043 2472 5112 2576
4773 2891 4897 2972
4932 2738 4987 2821
5133 3057 5267 3153
5216 3197 5331 3322
5184 3347 5312 3470
5392 3302 5469 3381
5389 2815 5442 2862
5276 2883 5351 2991
5028 3241 5110 3367
4983 3393 5084 3549
4912 3142 5021 3313
4910 3064 5030 3152
4786 3148 4847 3240
4789 3361 4864 3408
4871 3440 4947 3488
4878 3762 5058 3926
4781 3924 4867 3984
4642 3502 4725 3568
4637 2563 4740 2632
4457 1995 4569 2075
4300 2120 4362 2214
4276 2230 4363 2289
4377 2174 4465 2231
5148 655 5227 771
5106 105 5290 259
4818 44 4931 222
4891 363 4977 495
4613 268 4702 384
4515 481 4588 593
4507 712 4578 815
4340 1020 4449 1097
4444 1439 4506 1531
4309 1856 4356 1931
4366 1637 4421 1721
4143 1427 4221 1546
4047 2011 4121 2077
4180 1998 4251 2042
4190 610 4256 709
3947 161 4008 253
3788 323 3862 370
3633 168 3701 217
3581 608 3708 690
3316 1243 3388 1292
3387 1886 3463 1934
3424 2143 3464 2208
3614 3113 3695 3166
3680 3021 3746 3060
3848 3085 3913 3183
3284 3574 3335 3654
3307 3690 3351 3761
4716 1485 4803 1542
4544 2048 4623 2167
4867 586 4989 674
4981 2906 5055 2952
4475 3174 4521 3248
4226 3210 4293 3250
4167 3097 4246 3180
4292 3111 4344 3179
4647 2830 4703 2908
4871 3531 4933 3626
4657 3943 4712 4027
3832 3585 3900 3664
4012 3565 4059 3631
3933 3825 3980 3900
4156 3818 4231 3866
4254 3965 4346 4030
3747 2599 3821 2651
3741 2652 3787 2726
3895 2272 3934 2338
5321 3950 5449 4150
5215 4354 5372 4455
5160 4075 5259 4216
4840 4078 4925 4210
4955 4498 5067 4670
4969 4612 5042 4721
5151 4644 5258 4766
5241 4807 5355 4894
5340 5214 5472 5328
5234 5323 5347 5473
5161 5546 5302 5676
5324 5853 5464 6060
5101 6196 5314 6330
5027 6420 5230 6554
5312 6536 5406 6680
4796 6264 4907 6339
4716 6039 4832 6140
5047 5488 5160 5596
5024 5178 5115 5319
4908 5193 4986 5312
4683 5261 4791 5333
4537 5036 4613 5143
5007 4974 5163 5075
5054 4863 5137 4976
5097 4720 5140 4790
4794 4340 4886 4455
4654 4373 4727 4474
4976 5898 5116 6043
5076 5910 5214 6030
4744 5013 4811 5115
4484 4776 4587 4857
4547 4827 4619 4931
4400 5205 4481 5265
5099 4328 5209 4410
4289 4172 4333 4244
4409 4300 4492 4361
3732 3862 3816 3917
3588 4608 3644 4694
3409 3805 3481 3860
4680 4540 4729 4614
4269 4370 4326 4445
3939 4532 3990 4610
3865 4185 3931 4224
5094 6658 5231 6829
4928 5603 5019 5663
4768 5869 4829 5963
4674 5694 4741 5774
4896 4835 4968 4945
4331 5107 4408 5156
4307 5271 4358 5302
4196 5458 4264 5500
3939 3331 4011 3377
5342 6934 5453 7012
5031 6915 5132 7009
4849 7019 4984 7137
4768 6851 4909 6947
5330 7467 5435 7583
5124 7406 5238 7501
4950 7345 5043 7489
4942 7507 5051 7612
5081 7576 5140 7661
4995 7723 5076 7843
4921 7951 5033 8025
5116 7904 5229 8082
4982 8118 5205 8283
5401 7996 5497 8086
4984 6765 5076 6886
4922 6562 4997 6611
4538 6544 4614 6657
3548 5476 3609 5553
3486 6470 3550 6542
3480 7882 3537 7970
4814 7570 4906 7634
4794 7676 4862 7719
4686 7536 4782 7600
4696 7751 4726 7798
4770 7834 4817 7909
4904 6414 4975 6458
4522 6350 4569 6425
5320 8178 5440 8368
5147 8336 5275 8528
5302 8670 5422 8776
5168 8952 5337 9061
5162 9059 5293 9149
5046 8921 5178 9114
5045 8794 5137 8937
4876 9161 4966 9232
4612 8893 4720 8964
4615 8472 4718 8551
4697 8691 4801 8763
4665 8714 4727 8806
5070 8583 5165 8730
4828 8422 4902 8532
4772 8316 4834 8410
4322 7994 4410 8051
4402 8046 4455 8129
4250 8215 4314 8299
4367 8727 4418 8806
4255 9143 4314 9209
4129 9183 4198 9240
4101 8300 4165 8396
4107 7088 4181 7136
4402 7390 4463 7480
3456 8110 3524 8211
3168 8481 3244 8529
3252 8720 3300 8795
3773 8199 3860 8256
3882 9073 3954 9119
4046 7689 4138 7750
3975 6131 4041 6230
4061 6599 4103 6667
3185 5955 3231 6029
2699 6055 2748 6133
2818 6109 2864 6181
2421 6852 2480 6942
2166 8069 2232 8117
2200 8370 2259 8412
2074 9071 2143 9115
2395 8845 2429 8901
2317 8730 2379 8769
2901 9130 2971 9173
3129 6832 3197 6878
2927 5638 3000 5685
3128 7311 3184 7397
2070 7614 2141 7658
1960 6002 2042 6058
2015 6314 2063 6390
2102 5708 2172 5763
1545 5809 1640 5873
1842 7117 1935 7181
480 6870 554 6916
777 6861 843 6900
283 6408 329 6482
1630 5347 1706 5395
1517 6477 1566 6529
1489 6884 1524 6941
1263 6994 1310 7061
1241 7837 1301 7926
1142 8460 1185 8529
456 8290 495 8354
3079 4179 3134 4263
2841 4062 2897 4144
3359 3080 3407 3156
2727 4171 2778 4249
2366 3281 2450 3354
2533 3205 2594 3252
2889 2864 2950 2900
2799 2779 2842 2849
2918 2600 2978 2691
2387 2683 2464 2732
2302 2529 2363 2621
2286 2390 2343 2426
2570 2849 2643 2904
2157 3103 2223 3183
2056 3473 2125 3520
2150 3647 2219 3694
2270 4137 2319 4180
2265 5348 2334 5400
1633 5057 1701 5100
1530 4789 1587 4825
3074 2036 3147 2085
3117 1120 3163 1194
4093 853 4173 912
3980 721 4023 791
3968 497 4010 522
2952 299 2992 366
2555 577 2607 623
1823 1318 1876 1351
2087 2177 2158 2234
2539 1132 2582 1202
2227 241 2308 294
478 2945 520 3013
1325 1382 1385 1473
1526 1445 1588 1483
724 606 767 674
661 205 721 295
632 274 668 314
1189 86 1238 164
162 1050 224 1145
382 2411 428 2485
195 2841 248 2924
99 2053 143 2124
1556 4131 1604 4205
961 4733 1043 4785
785 3831 841 3912
508 4039 584 4096
348 3829 415 3869
1154 2697 1206 2779
828 1994 872 2028
587 4635 627 4701
1672 3685 1720 3714
2061 1961 2099 2023
2381 1439 2412 1490
1233 5091 1298 5190
953 4993 1022 5039
864 5131 890 5174
650 5104 716 5143
145 5860 196 5940
1229 7500 1276 7560
1166 6997 1217 7027
2079 6484 2153 6531
5163 5697 5252 5807
5025 766 5102 883
4719 167 4772 251
1983 979 2045 1067
4185 1190 4263 1239
3216 1759 3283 1826
515 2474 599 2530
4367 2720 4481 2794
275 3937 344 3980
5102 5116 5229 5230
2245 5000 2280 5059
3998 6285 4068 6390
2797 6900 2866 6956
2525 8191 2577 8272
4887 8851 5010 8933
