66 225 97 242
354 285 398 365
411 428 475 462
561 668 623 738
415 765 477 822
519 875 559 922
559 974 611 1024
726 949 761 984
669 744 709 782
622 723 664 748
667 624 749 705
939 455 996 539
828 769 847 792
808 874 829 910
781 287 815 344
765 90 795 130
820 54 864 122
827 114 891 160
901 107 956 180
880 47 922 95
873 451 906 470
860 503 900 533
397 144 415 170
452 111 474 131
452 39 487 60
393 39 415 70
148 537 169 562
111 613 167 651
103 701 125 748
24 243 42 273
277 514 297 533
261 619 280 642
384 466 407 487
453 552 491 577
520 510 539 531
332 842 348 865
371 627 405 658
232 996 251 1019
170 953 189 974
579 864 605 880
600 825 618 845
175 490 195 504
790 718 806 729
840 651 856 672
698 499 714 515
665 480 681 498
578 225 597 238
436 685 452 701
513 423 531 437
644 91 670 159
305 97 361 140
443 874 455 888
93 913 111 929
