5203 56 5385 163
5003 120 5156 216
5154 523 5303 610
4938 383 5050 455
4749 1078 4858 1144
5249 1190 5360 1269
5049 1287 5144 1384
5151 1613 5283 1724
5271 1441 5357 1506
5369 1582 5494 1662
5192 1971 5329 2057
5176 2098 5279 2246
5137 2313 5273 2410
4996 2466 5145 2555
5145 2688 5278 2879
5214 2971 5326 3153
5328 2856 5523 2978
5337 2538 5433 2703
5230 2548 5318 2690
5286 2459 5361 2586
4840 2326 4938 2383
4658 2626 4754 2683
4894 1876 4961 1973
4602 2040 4661 2129
4790 2142 4859 2255
5046 1444 5170 1546
4905 1438 5001 1511
4991 1691 5062 1738
4844 954 4920 1011
4885 477 4955 595
4410 1280 4467 1368
4038 763 4156 839
3881 555 3947 658
4379 2157 4426 2226
4309 2552 4381 2595
4208 2817 4284 2863
4904 1614 4966 1687
4559 1552 4614 1629
4491 728 4558 796
4295 623 4375 670
4289 228 4314 275
4142 347 4186 423
5166 696 5291 866
5042 574 5155 661
5263 725 5432 827
5316 3221 5428 3418
5254 3508 5445 3634
5086 3728 5194 3813
5224 3892 5357 3995
5376 3990 5519 4085
5296 4044 5379 4139
5182 4030 5249 4115
5092 3955 5132 4028
5063 3248 5124 3351
4859 3097 4965 3161
4603 3137 4655 3222
3987 2800 4059 2843
3935 3862 3995 3915
5239 4591 5373 4670
5260 4302 5319 4398
5194 4716 5271 4842
5351 4722 5419 4834
5031 4795 5118 4846
5183 3167 5223 3238
5493 2329 5546 2419
5605 4224 5676 4305
4527 1914 4576 1996
4403 1899 4460 1934
5187 4895 5338 4990
5090 4846 5169 4963
5443 4957 5527 5101
5491 5422 5615 5633
5271 5621 5507 5754
5299 5940 5416 6053
5490 5896 5589 5992
5483 6059 5585 6130
5059 5820 5185 5913
5054 5740 5106 5829
4854 5644 4926 5763
5030 6191 5138 6258
4849 5319 4919 5409
5382 5196 5450 5238
5244 5116 5349 5224
4719 4324 4799 4370
4743 6631 4834 6769
4735 6534 4808 6658
4656 6598 4713 6695
4725 6998 4814 7053
5328 6581 5478 6668
5364 6682 5511 6774
5184 6724 5286 6795
5256 6644 5357 6709
5399 6360 5512 6440
5126 7027 5270 7116
5038 7339 5175 7435
5323 6994 5484 7093
5303 7387 5459 7481
5361 7555 5448 7608
4702 7680 4794 7739
4830 7648 4901 7762
4274 7715 4345 7789
4856 7254 4915 7347
4860 6111 4931 6214
4794 5901 4876 5949
4631 5716 4712 5762
4634 5004 4682 5077
4955 4336 5039 4393
5078 7761 5217 7852
5273 7797 5389 7866
5370 8273 5482 8349
5019 8731 5230 8884
4949 8500 5040 8654
4824 8823 4964 8930
5136 9243 5292 9337
4973 9413 5106 9545
4634 9252 4753 9339
4849 9157 4915 9267
4684 8634 4778 8700
4687 8133 4743 8228
4626 7870 4718 7926
4944 7912 5037 8043
4100 8087 4160 8161
4254 8194 4298 8254
4546 8905 4622 8979
4516 8977 4569 9050
4490 9399 4550 9498
5315 9187 5384 9285
4722 5988 4801 6057
4685 7936 4765 7985
4316 8018 4363 8097
3533 7388 3633 7448
3445 7360 3492 7434
3296 6786 3351 6830
4481 5210 4546 5246
3650 4517 3701 4544
4356 6572 4431 6614
3827 3083 3889 3187
3770 3417 3840 3460
4097 2559 4149 2644
4317 4684 4395 4731
4093 5398 4180 5449
3384 462 3467 510
3251 908 3310 939
3390 1272 3469 1333
3795 444 3869 565
3689 346 3771 397
3248 3313 3319 3353
2973 2949 3038 2987
2947 553 3023 606
3022 272 3109 323
2237 3693 2304 3741
1811 4059 1875 4118
1612 3278 1694 3327
2902 1010 2946 1089
2794 283 2845 350
2895 163 2964 206
1456 1556 1530 1596
38 439 90 525
255 2738 293 2806
2239 1251 2310 1293
1657 1544 1703 1604
1718 315 1786 375
2478 3473 2549 3520
3171 4348 3247 4401
3609 2938 3680 2977
3261 5186 3312 5235
4187 3204 4247 3252
2895 6799 2967 6839
2982 6364 3062 6411
2602 6804 2669 6844
4397 9484 4490 9543
2633 5877 2714 5929
1863 6085 1915 6166
1292 8385 1334 8456
1178 8456 1235 8487
1365 9433 1429 9473
1152 9386 1211 9417
1613 9323 1675 9358
3031 8129 3102 8199
3018 7934 3078 7967
3384 8126 3436 8170
3288 7949 3360 7992
2199 7726 2277 7772
718 7425 790 7478
965 6866 1007 6940
361 5961 408 6043
5317 334 5404 478
5046 209 5173 351
5320 3644 5449 3834
