5107 995 5292 1144
5267 1661 5390 1780
5287 1855 5389 1955
5136 2316 5216 2439
5135 2646 5249 2783
5005 2726 5108 2794
5063 2924 5166 2992
4742 2896 4847 2978
5228 2832 5355 2916
5443 2640 5521 2718
5141 1452 5253 1627
4984 1601 5095 1755
5046 1395 5170 1494
5174 527 5252 636
5191 334 5295 466
5122 677 5202 783
4955 361 5075 441
4492 306 4544 387
4504 596 4544 663
5433 437 5508 507
5411 196 5478 283
5279 657 5360 763
4988 528 5067 627
4699 2079 4775 2184
4725 2314 4800 2399
4772 2396 4834 2474
4451 2338 4528 2387
5061 2181 5114 2264
5122 3121 5203 3244
5185 3283 5331 3380
5365 4014 5511 4112
5326 4146 5406 4269
5068 4300 5138 4347
4622 3938 4703 3990
4787 3906 4856 3948
4684 3735 4756 3784
4018 2729 4069 2805
4616 2261 4703 2318
5000 2463 5042 2528
5207 3759 5278 3866
5253 3792 5338 3923
5175 3596 5227 3674
5321 4316 5471 4425
5214 4460 5325 4632
5438 4535 5557 4615
5361 5058 5486 5144
5156 5359 5301 5453
5348 5492 5499 5604
5183 5659 5292 5825
4897 5760 4989 5822
4847 5605 4900 5688
4021 4582 4078 4647
4024 4450 4072 4527
4311 5290 4380 5349
4560 5193 4625 5239
4292 5100 4363 5146
4457 5814 4554 5878
5010 4530 5085 4578
5233 5974 5405 6107
4999 5997 5108 6070
5159 6237 5249 6346
5316 6338 5445 6486
5343 6673 5434 6734
5365 6823 5494 6966
5113 6618 5221 6716
4908 6621 5004 6687
4842 6767 4923 6834
5203 7285 5327 7461
5169 7563 5269 7713
4952 7460 5050 7530
4724 7692 4789 7732
4973 7773 5051 7837
4888 7206 4937 7283
4276 7126 4353 7183
4318 6187 4377 6225
5086 5851 5169 5978
5063 5936 5130 6032
4629 6822 4710 6874
4646 6963 4682 7014
4587 7128 4625 7187
4552 7789 4616 7831
4853 7767 4934 7819
5022 5426 5101 5477
3989 5040 4031 5087
4208 7487 4289 7540
4247 7323 4299 7404
4588 7967 4658 8067
5368 7951 5530 8059
5330 8298 5425 8364
5050 8543 5148 8684
4884 8667 4951 8740
5062 9269 5153 9408
5107 9099 5211 9184
5264 8806 5345 8951
3992 8303 4069 8354
4615 8547 4704 8607
3538 9324 3607 9367
3209 9227 3287 9289
2771 9210 2818 9258
3498 8784 3571 8839
2785 5652 2837 5691
2713 5225 2748 5280
2841 5524 2893 5605
3089 6947 3154 6998
3184 4605 3258 4654
2696 4787 2751 4860
2583 4372 2638 4448
3585 5193 3638 5261
3603 4464 3645 4531
3382 4005 3433 4082
2947 3422 3020 3487
2760 3190 2802 3241
3415 1548 3502 1604
3306 2031 3373 2073
3014 2270 3062 2318
2983 2947 3066 3012
2482 2664 2537 2735
3063 1259 3110 1303
3342 761 3412 808
1501 206 1580 257
1779 1288 1819 1347
2402 1767 2463 1833
1950 1981 1999 2045
2527 68 2608 127
1343 1264 1407 1306
1823 4529 1890 4578
948 3422 990 3487
1557 4709 1618 4753
1693 6977 1744 7051
2524 7403 2568 7471
2212 7578 2255 7647
1644 6102 1686 6171
1043 8034 1110 8076
818 7256 866 7330
731 6843 777 6913
1043 2766 1089 2823
370 2915 418 2967
879 361 927 401
905 690 945 720
1117 1161 1169 1195
4052 1832 4101 1896
4776 3335 4836 3406
3996 3187 4032 3244
4223 3046 4270 3111
4935 5412 4984 5482
4570 5418 4625 5499
5251 8346 5367 8460
2421 8505 2472 8565
2230 8347 2279 8414
2280 8010 2319 8075
2347 4684 2393 4752
