5249 1680 5367 1784
5116 1854 5226 2023
5037 1753 5176 1875
5245 2066 5338 2210
4940 2537 5073 2656
5171 2488 5311 2620
5007 2398 5138 2483
4719 2351 4838 2442
4975 2836 5144 3029
5022 3182 5223 3311
5139 3348 5292 3493
4917 3540 5045 3623
4945 3669 5092 3773
4953 3822 5026 3926
4711 3940 4807 4008
4655 4097 4747 4159
4473 4013 4576 4103
4265 3508 4357 3607
4128 3203 4201 3279
5168 1447 5279 1616
5392 423 5483 523
5582 718 5647 816
5402 1413 5488 1486
5063 794 5178 959
4940 712 5035 808
4924 347 5040 441
5234 198 5337 356
3386 262 3445 346
3402 2536 3477 2584
5023 1226 5106 1351
4677 794 4780 884
4856 151 4907 229
4694 1789 4787 1857
5193 2824 5299 2922
5282 2760 5422 2855
4742 2926 4821 3046
4908 3958 5000 4028
5056 4421 5166 4572
4895 4508 5016 4624
5011 4577 5082 4676
5056 4707 5159 4775
4732 4452 4819 4583
4920 4173 5007 4294
4681 4359 4750 4448
4683 4789 4774 4897
4758 4994 4849 5117
4957 5019 5048 5148
4700 5139 4789 5241
4467 5347 4579 5423
4937 5427 5043 5576
4737 5557 4821 5673
4718 5745 4841 5854
4721 6013 4821 6104
4458 6010 4513 6091
4275 6117 4366 6248
4633 6397 4703 6503
4767 6512 4838 6620
4893 6545 5024 6631
4801 6697 4890 6828
4894 6856 4986 6917
4835 7148 4970 7248
4692 7095 4837 7189
4627 7076 4704 7182
4503 6836 4596 6969
4420 6738 4473 6817
4225 6514 4295 6584
4200 6971 4287 7043
4390 7267 4489 7337
4150 5771 4215 5866
4402 4747 4487 4829
4259 4541 4353 4608
3974 4796 4069 4860
4135 4248 4249 4323
3262 5082 3348 5148
3707 5811 3756 5885
5036 5228 5109 5338
5110 4826 5224 4988
3785 6580 3829 6649
3360 6910 3398 6972
3378 7299 3456 7348
4471 6556 4551 6607
4340 6370 4392 6452
4466 5788 4532 5830
3946 6482 4006 6548
4662 6901 4758 6967
4747 7785 4935 7921
4715 7680 4806 7747
4535 7931 4645 8014
4495 8010 4594 8157
4664 8307 4802 8415
4796 8774 4897 8884
4929 7349 5066 7454
4881 8872 4978 8982
4798 9136 4879 9262
4578 9168 4707 9281
4609 8698 4729 8793
4247 8871 4338 8937
4289 8572 4365 8660
4305 8267 4351 8337
4146 8172 4201 8257
4172 8437 4227 8519
3392 8039 3459 8079
4017 8932 4078 8996
3801 9147 3878 9198
4139 7083 4216 7134
2886 6806 2955 6861
4676 6144 4719 6211
4286 7747 4329 7817
4489 8761 4553 8857
3706 9293 3788 9345
2307 6501 2366 6557
2329 8347 2385 8389
2675 8256 2721 8327
3176 8958 3227 9010
2855 5501 2899 5573
1601 6228 1653 6294
1095 7818 1126 7866
988 7862 1050 7900
1132 8815 1180 8845
1515 9423 1572 9457
1189 8563 1250 8599
145 9276 213 9322
1150 6654 1186 6690
438 3123 502 3165
1000 3563 1056 3642
173 4113 249 4170
1755 5096 1838 5149
1868 3425 1944 3477
3199 4661 3248 4732
2952 4786 2992 4852
2867 3804 2937 3848
2562 5210 2634 5275
4564 7809 4651 7895
1621 379 1689 439
1594 1388 1643 1447
2354 1073 2396 1141
2204 1294 2272 1336
963 3071 1032 3136
2121 3035 2202 3126
2453 3434 2527 3520
3022 1491 3082 1550
2881 3093 2934 3149
2785 3615 2857 3674
1825 2280 1871 2320
3220 1864 3289 1911
3500 3613 3564 3670
2587 1307 2652 1362
3698 3709 3777 3777
3807 2737 3858 2797
4073 2311 4140 2370
4375 2905 4442 2960
3989 65 4044 145
4944 991 5050 1156
4502 1556 4557 1634
4408 3869 4491 3947
3921 3420 3970 3472
4398 4276 4453 4357
3143 3220 3181 3269
2474 2396 2529 2452
1445 6523 1493 6588
1541 6536 1614 6602
2784 6989 2854 7040
2431 8287 2474 8342
2892 8166 2944 8209
4486 6290 4538 6366
4558 8533 4600 8579
2746 7615 2805 7663
83 8107 135 8146
836 5081 879 5151
663 6022 736 6077
1792 4323 1834 4390
4686 9389 4777 9504
