3 290 36 317
301 717 341 743
422 615 442 645
398 713 427 733
412 498 432 518
736 582 759 608
682 671 704 698
597 769 631 808
683 735 719 760
698 760 721 791
778 831 812 862
781 975 808 1005
862 842 887 868
910 920 941 958
681 552 714 599
658 443 694 465
659 123 698 148
117 80 166 131
76 167 106 202
220 417 241 446
359 8 385 34
135 659 155 673
80 755 105 775
152 874 167 895
293 917 310 929
854 342 873 369
863 702 880 721
934 344 951 369
681 19 699 40
738 16 765 39
234 691 263 710
288 94 315 132
269 108 286 120
217 139 229 157
253 203 271 215
622 311 634 324
565 471 580 486
789 60 805 72
840 541 854 558
808 898 831 925
579 980 604 997
994 858 1012 872
