5253 339 5388 521
5112 138 5212 288
5330 134 5453 313
4971 138 5098 269
4757 122 4842 210
4456 157 4525 246
4283 118 4375 210
4204 139 4255 203
4095 306 4160 361
4242 438 4326 510
4342 373 4422 449
4550 415 4626 488
4509 643 4594 731
5060 302 5149 435
5003 580 5075 669
5214 659 5308 806
5129 818 5276 992
5314 798 5453 913
5164 1153 5319 1390
5199 1387 5330 1596
5062 1516 5159 1640
4958 1258 5045 1361
4975 1017 5067 1140
4837 1122 4911 1235
4829 942 4902 1053
4738 1041 4804 1126
4858 754 4929 851
4661 1215 4744 1318
5337 1817 5435 1943
5002 2159 5140 2311
5327 2127 5401 2223
5018 1799 5144 1956
5162 2789 5291 2902
5252 2960 5346 3102
5147 3085 5300 3272
4939 3263 5014 3345
4785 3267 4853 3370
4889 3145 4951 3238
5395 2878 5476 2999
4821 2394 4878 2476
4706 2895 4757 2967
4938 2463 5029 2590
3946 2429 4022 2514
4112 2660 4164 2736
3918 1198 3989 1272
3787 932 3833 997
3819 455 3871 516
4659 2076 4714 2146
4864 1840 4911 1913
4418 1966 4475 2031
4276 2773 4341 2824
4252 3518 4316 3582
4129 3624 4173 3671
4525 3580 4594 3649
4822 3499 4907 3575
5420 3510 5533 3685
5306 3803 5451 3962
5175 3827 5280 3910
5124 4132 5215 4254
5359 4265 5457 4406
5163 4641 5287 4827
4883 4675 4947 4767
4855 4305 4936 4390
4725 4057 4784 4126
4807 3862 4864 3927
5135 3916 5196 4000
4968 2959 5021 3042
3676 2607 3727 2672
4243 4608 4359 4705
4120 4629 4189 4673
4074 4550 4107 4588
4025 4394 4104 4488
3979 4462 4054 4540
4376 4379 4432 4436
4436 4391 4501 4468
5178 5233 5260 5331
5306 5409 5416 5582
5156 6070 5268 6235
5180 5412 5279 5558
5082 5286 5157 5384
5044 5135 5143 5263
5346 4859 5462 4984
5289 6286 5394 6407
5056 6470 5154 6578
4978 6599 5108 6695
4810 6649 4865 6729
4793 5692 4845 5773
4679 5342 4723 5406
4473 5627 4522 5684
4491 5850 4533 5915
4111 6087 4162 6161
4978 4864 5031 4947
4813 5094 4875 5180
4848 4957 4900 5038
4783 4707 4827 4778
4186 4250 4250 4303
4298 4329 4363 4380
4122 4044 4191 4097
4126 4933 4177 5002
5338 5786 5438 5911
5288 6697 5475 6972
5256 7050 5380 7195
5199 7088 5312 7243
5326 7310 5436 7449
5370 7408 5459 7496
5198 7697 5349 7851
5205 7980 5362 8202
5143 8060 5239 8174
5101 7972 5186 8095
4866 8092 4992 8203
4987 7876 5055 7965
4950 6981 5028 7098
4825 7578 4892 7669
4656 7853 4702 7924
4617 7666 4693 7754
4165 7822 4225 7890
4287 7549 4344 7626
4507 7216 4576 7305
4252 6859 4320 6930
4077 7158 4141 7225
4366 6449 4423 6528
4248 5626 4307 5681
3868 5294 3921 5354
5312 8335 5481 8491
5112 8247 5226 8382
4919 8232 5056 8328
4917 8342 5000 8439
5291 8960 5388 9099
5116 8923 5281 9107
5204 8809 5344 8974
4515 8418 4574 8507
4068 8353 4135 8418
4218 9199 4288 9294
4304 8242 4344 8307
4557 8246 4606 8303
4771 7778 4844 7845
4884 7582 4954 7687
4389 7801 4445 7883
4715 7250 4793 7325
4822 7442 4912 7525
4275 9077 4331 9161
4678 8949 4738 8985
4764 8869 4808 8940
5032 9438 5134 9556
3593 8766 3671 8819
3370 9020 3440 9071
4872 6441 4949 6489
3055 8851 3108 8919
3326 8914 3385 8980
2415 9263 2467 9324
2320 7468 2371 7517
2597 7008 2648 7068
2755 6298 2823 6373
881 8922 938 8968
1781 8385 1854 8454
2067 5843 2131 5921
4109 5712 4162 5795
4770 6938 4845 6997
4702 7015 4735 7070
4667 7184 4716 7258
4648 5610 4714 5679
5052 5845 5152 5958
4801 6147 4858 6229
5295 5212 5403 5359
5254 4126 5363 4294
5089 4027 5167 4139
4216 3756 4289 3813
3506 5076 3563 5153
3438 3632 3512 3742
3057 4358 3128 4418
3237 6110 3294 6162
3731 6862 3798 6933
931 2784 984 2823
1896 2602 1940 2649
2553 4426 2609 4490
3216 2127 3263 2202
3462 2147 3504 2204
4535 2549 4583 2626
4406 2606 4446 2671
5170 3405 5352 3584
5075 4455 5141 4544
4906 1918 4953 1993
4834 2267 4891 2344
4079 1165 4152 1241
5035 731 5132 875
2734 1602 2783 1666
2002 1208 2046 1274
1385 1085 1428 1152
803 498 855 544
298 1061 342 1112
2526 823 2586 876
3239 1319 3304 1385
3930 315 3998 363
3794 1627 3869 1691
4766 392 4847 506
5147 1 5261 98
5338 1 5447 88
4605 3226 4674 3292
5012 3618 5067 3703
3821 4285 3873 4351
3865 3370 3927 3423
4728 6548 4804 6624
5075 6827 5159 6937
5219 6919 5332 6993
5039 8534 5136 8658
4874 9079 4956 9194
3245 9071 3301 9138
3254 5787 3300 5855
2657 5999 2723 6065
2782 4587 2837 4655
3755 4393 3806 4463
3575 3983 3635 4051
3495 2281 3552 2346
2472 247 2523 311
2352 485 2411 540
2251 3917 2310 3987
2687 6827 2735 6894
629 5916 682 5980
268 3733 311 3794
