28 737 64 760
502 866 529 904
469 914 499 933
543 980 560 999
388 981 410 996
368 953 395 980
280 910 292 925
781 844 803 864
841 994 875 1024
893 773 926 798
921 735 939 755
609 541 645 581
777 560 800 579
968 368 997 390
655 245 680 275
603 172 639 194
930 207 946 230
881 241 901 263
1003 251 1024 266
381 571 400 602
206 254 233 271
41 97 80 120
80 255 97 271
250 520 265 538
672 743 686 762
642 314 673 352
598 262 624 297
510 96 554 136
191 501 206 515
752 313 768 332
685 50 711 76
788 71 810 85
579 735 591 746
584 242 600 262
442 400 465 414
479 183 495 195
55 260 73 272
296 21 360 69
