101 845 130 874
204 620 246 660
187 354 236 380
199 282 224 329
332 365 359 388
404 463 431 489
462 571 496 605
631 658 652 681
464 764 490 794
342 788 380 817
342 845 365 864
371 885 405 910
393 832 409 845
90 87 113 107
406 124 441 150
699 295 734 321
881 327 901 350
898 497 927 537
886 538 900 554
739 585 781 628
705 604 723 624
902 893 938 919
968 916 990 930
931 963 970 992
746 920 766 942
645 942 665 982
495 773 525 855
537 715 567 763
979 172 1002 210
830 6 885 39
464 50 493 71
393 329 429 368
516 260 542 300
623 301 657 314
447 535 474 556
378 476 393 491
296 619 329 674
387 603 459 646
422 894 441 921
447 942 467 957
940 54 967 75
498 424 517 446
671 918 689 944
102 959 145 1007
13 811 35 828
163 10 179 35
24 741 70 809
801 278 840 345
880 72 936 106
898 98 957 150
932 128 975 168
294 473 320 519
18 429 37 460
594 422 637 465
