33 681 56 715
185 803 216 839
113 926 155 952
214 885 239 910
412 792 442 822
361 669 391 690
319 448 362 490
292 399 335 428
271 215 291 230
155 93 186 113
136 143 167 192
511 277 550 308
475 358 497 400
533 402 549 435
561 559 594 601
611 460 654 513
610 601 657 631
610 559 631 584
683 699 706 728
589 919 610 937
753 840 784 863
272 595 294 622
240 633 270 658
544 176 578 207
466 63 515 102
736 399 767 433
886 546 912 575
912 733 929 758
909 673 931 702
654 1001 690 1024
517 968 535 989
11 614 47 640
189 279 207 294
168 212 193 233
349 189 371 218
755 89 769 109
723 1 739 23
530 516 546 539
538 441 568 466
431 830 450 851
79 21 100 39
747 550 780 581
957 229 991 255
963 207 979 228
950 285 971 302
875 123 926 166
143 632 162 649
431 83 480 134
512 11 541 30
680 632 724 659
224 451 251 500
300 748 314 768
343 751 372 764
