0 297.16 849.09 372.16 911.09
0 586.34 810.41 616.34 855.41
0 886.31 755.57 936.31 788.57
0 732.52 232.01 767.52 259.01
0 502.38 398.68 529.38 421.68
0 330.43 645.14 365.43 667.14
0 622.23 518.23 692.23 567.23
0 111.33 229.31 131.33 259.31
0 52.17 478.01 76.17 501.01
0 168.37 967.64 202.37 1004.64
0 708.95 424.38 750.95 449.38
0 232.88 122.19 258.88 146.19
0 500.38 145.36 558.38 201.36
0 535.34 78.35 564.34 92.35
0 763.1 573.43 793.1 601.43
0 723.71 629.64 778.71 694.64
0 167.56 306.62 208.56 333.62
0 836.54 258.04 863.54 285.04
0 872.01 -0.46 919.01 27.54
0 414.53 209.56 434.53 233.56
0 859.17 941.61 902.17 986.61
0 770.01 365.41 802.01 388.41
0 932.32 100.27 1001.32 157.27
0 168.22 729.61 191.22 748.61
0 179.74 529.99 201.74 546.99
0 179.74 529.99 201.74 546.99
0 366.39 937.68 400.39 962.68
0 791.62 705.26 869.62 760.26
2 51.18 227.41 70.18 243.41
2 184.76 379.12 205.76 397.12
2 494.17 839.77 525.17 869.77
2 83.37 276.39 112.37 301.39
2 242.44 301.19 265.44 323.19
2 468.46 326.57 494.46 352.57
2 813.19 581.59 868.19 630.59
2 794.01 567.47 818.01 587.47
2 270.02 967.67 290.02 984.67
2 634.9 344.54 661.9 369.54
2 208.6 952.84 232.6 976.84
2 405.12 891.44 459.12 962.44
2 828.31 187.4 870.31 227.4
2 543.24 220.29 578.24 253.29
2 662.87 449.63 708.87 494.63
2 126.46 457.06 152.46 495.06
2 247.14 439.16 282.14 477.16
2 791.08 241.71 830.08 279.71
2 168.32 881.78 217.32 927.78
2 372.02 565.95 413.02 608.95
2 151.56 70.64 177.56 96.64
2 155.02 154.36 185.02 183.36
2 270.05 488.37 287.05 505.37
1 305.48 724.74 322.48 740.74
1 511.32 585.32 527.32 600.32
1 351.15 393.06 362.15 403.06
1 299.24 499.5 306.24 507.5
1 315.45 462.25 332.45 479.25
1 340.92 421.09 354.92 435.09
1 310.59 400.17 326.59 416.17
1 532.59 306.58 543.59 317.58
1 680.92 253.09 694.92 267.09
1 832.1 156.16 844.1 168.16
1 836.27 126.35 846.27 136.35
1 855.08 24.1 866.08 36.1
1 892.25 424.86 901.25 433.86
1 877.33 434.26 888.33 444.26
1 1003.04 590.21 1017.04 603.21
1 795.38 851.18 807.38 862.18
1 810.41 879.41 821.41 890.41
1 933.99 921.5 949.99 937.5
1 1003.36 941.28 1019.36 956.28
1 628.38 966.22 642.38 979.22
1 508.37 884.27 518.37 893.27
1 462.45 906.63 477.45 921.63
1 378.3 711.41 395.3 727.41
1 364.46 681.32 379.46 696.32
1 365.18 597.32 380.18 612.32
1 164.41 555.1 178.41 569.1
1 92.26 831.4 106.26 846.4
1 260.42 940.25 274.42 953.25
1 319.37 975.48 335.37 991.48
1 631.16 642.71 646.16 658.71
1 580.03 195.51 600.03 215.51
1 213.99 56.19 233.99 76.19
1 243.28 86.29 259.28 103.29
1 31.01 88.25 48.01 105.25
1 195.96 622.76 211.96 638.76
1 759.17 175.35 774.17 190.35
1 436.26 4.64 450.26 19.64
1 499.51 12.95 520.51 33.95
1 709.38 279.41 725.38 295.41
1 691.03 703.84 713.03 725.84
1 703.99 218.19 723.99 238.19
1 702.5 351.98 721.5 370.98
1 740.24 365.17 754.24 379.17
1 365.06 460.23 379.06 473.23
1 640.5 673.36 659.5 692.36
1 652.39 727.2 670.39 745.2
1 824.34 926.57 846.34 948.57
1 905.91 575.67 925.91 596.67
1 557.13 775.41 576.13 794.41
1 630.36 426.4 640.36 439.4
1 797.16 996.18 812.16 1012.18
1 -0.46 418.43 15.54 435.43
1 509.34 707.18 529.34 725.18
1 411.29 512.37 435.29 529.37
1 141.49 356.33 161.49 373.33
1 361.01 216.66 380.01 235.66
1 533.94 873.45 553.94 893.45
1 957.33 979.29 985.33 1006.29
1 241.12 984.32 261.12 1005.32
