0,202.630,265.750,250.630,316.750 
0,258.110,328.830,344.110,385.830 
0,253.330,362.800,283.330,389.800 
0,453.940,181.500,523.940,225.500 
0,485.050,250.160,512.050,282.160 
0,168.280,490.930,202.280,522.930 
0,51.260,462.960,98.260,523.960 
0,450.100,464.240,480.100,494.240 
0,363.140,480.870,389.140,512.870 
0,44.850,558.990,67.850,588.990 
0,19.020,540.090,47.020,573.090 
0,145.330,744.780,166.330,770.780 
0,475.720,675.870,497.720,698.870 
0,308.270,753.160,326.270,774.160 
0,171.720,635.560,191.720,664.560 
0,460.980,921.860,489.980,941.860 
0,390.020,954.030,408.020,974.030 
0,252.540,979.600,270.540,997.600 
0,213.330,736.080,240.330,761.080 
1,179.970,684.740,194.970,704.740 
2,203.090,617.990,222.090,640.990 
0,244.950,457.020,288.950,503.020 
0,420.080,477.970,439.080,498.970 
0,450.390,363.210,474.390,392.210 
0,431.210,293.030,450.210,324.030 
0,834.790,50.930,888.790,96.930 
0,697.770,116.880,741.770,147.880 
0,659.880,82.760,688.880,120.760 
0,670.160,141.940,707.160,179.940 
0,557.750,109.730,603.750,187.730 
0,621.920,141.960,656.920,181.960 
0,603.870,339.860,629.870,363.860 
0,662.760,336.900,694.760,365.900 
0,605.210,298.660,625.210,327.660 
0,767.850,447.310,790.850,469.310 
0,891.010,-2.500,945.010,37.500 
0,580.310,223.700,605.310,252.700 
0,541.870,517.640,576.870,545.640 
0,575.960,439.030,609.960,467.030 
0,925.700,145.590,947.700,175.590 
2,574.790,570.920,598.790,599.920 
0,589.850,864.070,615.850,895.070 
0,819.900,695.710,848.900,729.710 
0,544.180,959.570,568.180,980.570 
0,850.010,672.890,880.010,694.890 
0,632.970,407.890,650.970,427.890 
0,694.230,446.860,718.230,465.860 
0,662.150,450.090,681.150,468.090 
0,966.790,639.490,990.790,665.490 
0,716.850,650.400,742.850,667.400 
0,858.560,480.700,877.560,502.700 
0,823.260,870.970,844.260,895.970 
1,91.270,921.940,108.270,940.940 
0,102.760,959.010,124.760,979.010 
0,89.180,994.980,109.180,1017.980 
0,106.690,611.050,130.690,634.050 
0,212.260,545.880,238.260,565.880 
1,491.180,418.050,506.180,434.050 
0,406.990,639.930,429.990,659.930 
0,281.370,995.110,308.370,1011.110 
0,678.080,951.860,698.080,969.860 
0,707.320,88.200,730.320,109.200 
0,547.820,1003.790,568.820,1021.790 
0,515.210,328.010,536.210,350.010 
0,954.120,757.180,974.120,779.180 
0,873.110,764.630,891.110,781.630 
0,727.000,769.220,745.000,787.220 
0,739.040,953.920,755.040,970.920 
0,331.360,523.250,354.360,546.250 
2,387.690,206.250,405.690,251.250 
2,392.060,303.060,408.060,347.060 
2,417.810,404.060,430.810,440.060 
2,372.110,416.040,386.110,457.040 
2,153.290,404.940,216.290,416.940 
2,131.390,312.980,142.390,391.980 
2,183.970,414.960,195.970,445.960 
2,291.110,395.000,300.110,419.000 
2,266.200,432.070,278.200,464.070 
2,186.720,787.610,212.720,798.610 
2,184.250,960.620,212.250,971.620 
2,385.310,898.540,414.310,910.540 
2,831.020,141.930,846.020,180.930 
2,859.510,196.970,874.510,233.970 
2,885.290,266.520,921.290,278.520 
2,744.150,397.930,753.150,425.930 
2,857.760,421.850,868.760,453.850 
1,837.640,451.740,855.640,461.740 
2,619.340,105.990,662.340,121.990 
2,995.160,20.000,1006.160,51.000 
2,913.810,501.910,924.810,529.910 
2,709.880,701.950,723.880,738.950 
2,943.200,828.840,953.200,856.840 
2,796.100,924.870,806.100,951.870 
1,629.820,533.880,651.820,543.880 
2,526.840,588.400,556.840,601.400 
2,666.310,431.980,693.310,441.980 
2,937.210,219.180,966.210,229.180 
2,932.200,196.920,940.200,218.920 
2,488.230,321.590,516.230,332.590 
1,463.250,359.670,492.250,370.670 
2,550.220,325.030,561.220,356.030 
1,504.640,361.040,514.640,380.040 
2,666.140,387.500,676.140,408.500 
1,479.210,393.600,496.210,402.600 
2,463.970,985.050,474.970,1012.050 
2,953.230,691.110,1005.230,743.110 
2,781.830,818.620,815.830,852.620 
2,767.870,766.090,800.870,798.090 
2,648.640,614.470,690.640,655.470 
2,696.160,387.610,726.160,417.610 
2,790.230,244.730,836.230,290.730 
2,507.020,221.970,580.020,291.970 
2,364.750,749.040,408.750,791.040 
2,274.360,658.940,315.360,699.940 
2,313.160,566.190,347.160,599.190 
2,348.120,639.750,371.120,663.750 
2,22.020,829.200,64.020,870.200 
2,94.060,556.130,127.060,588.130 
2,56.620,356.650,120.620,417.650 
2,101.000,406.180,152.000,456.180 
2,165.090,321.100,230.090,383.100 
2,331.810,222.460,395.810,287.460 
2,341.230,382.720,401.230,440.720 
2,763.000,70.550,798.000,107.550 
1,982.190,1004.050,993.190,1015.050 
1,779.730,1005.660,792.730,1018.660 
2,986.180,231.420,1008.180,255.420 
1,903.110,332.110,911.110,340.110 
1,603.260,380.740,617.260,395.740 
1,1003.320,140.190,1020.320,157.190 
1,628.830,484.950,638.830,494.950 
1,958.000,262.120,972.000,276.120 
1,789.780,507.570,803.780,522.570 
1,949.680,961.330,962.680,975.330 
1,606.190,977.050,617.190,988.050 
1,618.920,330.020,626.920,337.020 
1,45.920,923.450,58.920,937.450 
1,156.180,851.990,169.180,864.990 
1,265.210,740.000,276.210,752.000 
1,239.220,764.000,253.220,779.000 
1,416.770,810.030,429.770,823.030 
1,189.120,540.970,200.120,551.970 
1,451.000,432.100,463.000,444.100 
1,372.270,616.920,385.270,630.920 
1,326.890,802.930,343.890,819.930 
1,82.940,875.640,99.940,892.640 
1,505.890,527.970,515.890,537.970 
1,523.250,849.190,539.250,865.190 
1,973.490,550.650,986.490,563.650 
1,840.750,766.950,854.750,780.950 
1,700.070,866.880,718.070,884.880 
0,664.360,220.120,701.340,268.510 
1,669.150,3.190,690.380,23.300 
2,672.720,33.860,690.570,51.550 
2,608.800,36.710,641.830,80.160 
1,756.350,130.820,776.080,150.620 
1,797.200,136.310,816.250,156.150 
1,851.440,137.210,871.070,157.970 
1,802.660,171.520,823.670,192.720 
2,925.330,92.930,977.370,144.340 
0,697.140,185.320,720.850,209.210 
2,979.290,273.240,1012.740,309.680 
1,903.770,333.980,915.290,345.870 
1,794.450,347.010,809.540,362.700 
0,720.550,345.080,737.610,373.830 
2,967.610,350.310,997.800,379.170 
2,871.580,384.620,903.240,413.350 
1,980.140,501.980,999.770,522.570 
1,792.330,509.800,811.570,524.810 
1,930.680,607.300,949.370,626.460 
2,885.480,653.970,909.100,677.760 
2,832.990,648.440,846.180,669.470 
1,766.070,653.280,782.060,669.350 
1,745.280,784.540,767.950,807.110 
1,788.840,783.730,806.560,800.930 
1,745.280,784.540,767.950,807.110 
1,759.850,865.430,778.450,883.020 
1,744.980,987.990,765.480,1008.420 
1,1007.510,938.490,1022.260,954.980 
1,977.290,833.630,991.730,846.970 
1,1007.510,938.490,1022.260,954.980 
1,570.790,553.890,589.020,571.560 
1,590.340,611.080,608.760,627.250 
1,623.350,610.520,640.840,626.460 
1,606.850,691.490,627.630,711.830 
1,616.890,738.880,629.660,750.270 
1,649.790,757.480,665.720,769.650 
1,617.580,790.190,641.130,813.480 
1,641.910,988.980,660.390,1008.160 
1,572.080,926.490,585.290,939.960 
1,560.440,901.100,577.710,919.300 
0,538.310,809.350,571.600,841.040 
1,590.340,611.080,608.760,627.250 
1,507.680,478.880,527.570,499.080 
1,495.970,440.440,509.480,453.260 
1,507.680,478.880,527.570,499.080 
1,477.000,514.390,492.120,528.820 
1,461.450,513.570,474.790,525.900 
1,432.900,601.560,454.820,623.090 
1,477.920,737.370,498.970,759.340 
1,467.440,961.570,482.800,975.650 
1,394.760,847.450,417.610,871.210 
2,353.090,736.330,375.920,746.810 
1,355.050,689.180,373.420,707.890 
1,202.410,478.880,228.520,500.680 
1,104.660,753.060,124.520,773.260 
2,26.370,364.330,56.120,409.050 
0,21.560,474.990,47.690,503.970 
1,25.410,579.240,40.280,597.800 
1,24.450,961.330,45.070,981.320 
1,8.720,618.090,36.090,648.140 
1,286.230,396.530,304.510,419.900 
2,327.340,473.730,348.950,495.870 
1,609.660,656.370,628.880,673.310 
1,139.820,575.410,156.030,592.580 
2,59.090,689.490,84.980,715.310 
1,35.840,735.030,55.380,753.690 
1,124.140,771.110,144.440,791.390 
1,321.320,887.090,345.340,911.420 
1,350.120,972.150,365.810,988.300 
1,352.970,930.330,373.270,950.610 
1,139.360,864.020,152.700,877.450 
1,268.830,912.370,284.070,928.310 
1,449.900,782.880,468.300,801.790 
